5 0.5824234076850988 0.612465253497389 0.01986161060792341 0.046202895598573476
3 0.6170755793840289 0.5534908257821367 0.016480910929978946 0.034933896672092214
3 0.4648462057173554 0.3420141174187088 0.013100211252034904 0.036436429862289656
9 0.4879828691382877 0.37694801409080114 0.013734092441649182 0.034182630076993306
9 0.48629251929931544 0.464658389068581 0.015001854820878364 0.03756332975493784
9 0.606201711001406 0.4466279907862104 0.015213148550749985 0.03606079656474028
9 0.6182454536040831 0.2969381217127836 0.013100211252034555 0.03643642986228972
9 0.5491524039360942 0.5429779316076264 0.014790561091006823 0.03643642986228983
0 0.6130687572222306 0.4941456029262072 0.019227729418308855 0.048456695383869784
6 0.4520629350601284 0.4967750360090528 0.017537379579336588 0.04470036240837594
11 0.5133381167228707 0.4180798601724581 0.015847029740364463 0.044324729110826626
11 0.5428135920399484 0.3361918013066936 0.016480910929978946 0.04432472911082659
8 0.45459845981858665 0.4141357105481896 0.01669220465985042 0.045451629003474776
7 0.5151341134267786 0.36023233234985386 0.0185938482286943 0.06686272696378942
6 0.5689083676790818 0.3750698476030543 0.01584702974036432 0.047705428788771015
0 0.5682744864894671 0.3277400521118325 0.015001854820878362 0.04545162900347474
5 0.6274367308534943 0.3684962648959402 0.01795996703907967 0.044324729110826626
10 0.6691672425031195 0.45094777370802835 0.028313359802784387 0.06122822750054808
2 0.5499975788555802 0.44587672419111213 0.016058323470235863 0.0473297954912217
2 0.5428135920399484 0.40831339443617415 0.01605832347023586 0.04958359527651792
8 0.5736624766011912 0.4481305239764083 0.019016435688437312 0.04958359527651794
1 0.6371562424275845 0.4058717780021033 0.023453604015739416 0.06723836026133874
4 0.5965878462922517 0.3279278687606073 0.01965031687805187 0.06160386079809804
