1 0.5572832021811553 0.5896338372067118 0.022397135366381632 0.06723836026133867
4 0.4538589317640354 0.451511223654352 0.018171260768951394 0.06160386079809741
6 0.48344005394604983 0.4935821529798831 0.01648091092997902 0.04432472911082655
6 0.4853416975148936 0.4501965071129299 0.015213148550749764 0.04319782921817847
3 0.5138663510475494 0.4556431899273959 0.013522798711777497 0.034558263374542764
3 0.5436587669594346 0.3367552512530177 0.011832448872805443 0.03418263007699341
9 0.4868207536239942 0.37638456414447674 0.013100211252034729 0.03530952996964152
9 0.5447152356087919 0.37319168111530737 0.013100211252034482 0.03568516326719082
9 0.5686970739492103 0.41094282751901984 0.013311504981906168 0.03681206315983907
9 0.6283875526379162 0.3707500646812364 0.014367973631263666 0.03681206315983914
9 0.6538484470874351 0.36755718165206674 0.01457926736113535 0.034933896672092145
11 0.5117534137488328 0.3690597148422639 0.014367973631263685 0.04470036240837545
0 0.5175639913203012 0.40117636178273597 0.015424442280621377 0.0473297954912217
2 0.457133984577045 0.36511556521799576 0.015001854820878222 0.048832328681419096
0 0.5421797108503338 0.497150669306602 0.016480910929979237 0.04845669538386977
5 0.5205221035385015 0.5454195480416967 0.01669220465985058 0.045075995705924535
5 0.5742963577908053 0.4586482563077907 0.01690349838972188 0.04357346251572764
11 0.5813746977415019 0.4986532024967997 0.017114792119593433 0.04545162900347471
8 0.5823255195259237 0.5503027809098391 0.017326085849465062 0.05108612846671547
8 0.6130687572222299 0.49959228574067255 0.017114792119593675 0.05108612846671457
2 0.6127518166274233 0.4466279907862108 0.02028419806766635 0.045075995705925465
10 0.5704930706531184 0.361922682188826 0.019439023148180398 0.061228227500548654
7 0.6717027672615788 0.44024222472787145 0.027890772343041305 0.06686272696378942
