9 0.4903137559193654 0.6025482076411168 0.01457926736113528 0.03793896305248722
9 0.6577640368425487 0.5989796913143975 0.018171260768951557 0.0375633297549378
9 0.6406425889704647 0.4979019359017009 0.016480910929978946 0.035685163267190845
3 0.6190906285235691 0.49245525308723503 0.01563573601049285 0.03756332975493784
3 0.6027153644585259 0.40887684438249833 0.013311504981906025 0.035685163267190984
11 0.6375788298873275 0.4439985577033652 0.020495491797537894 0.045075995705925326
11 0.551476634964681 0.45545537327862123 0.016480910929978946 0.0424465626230797
6 0.5520048692893598 0.49827756919925037 0.016692204659850562 0.046954162193672246
6 0.5525331036140386 0.537155615495611 0.017326085849465045 0.045827262301024234
5 0.575141532710291 0.5033486187161668 0.016480910929978932 0.04432472911082657
5 0.5139719979124853 0.4567700898200441 0.016269617200107545 0.044324729110826626
8 0.5214729253229244 0.4881354701654172 0.01774867330920813 0.05071049516916609
2 0.4860812255694438 0.4520746736006768 0.016269617200107476 0.047705428788771084
0 0.5217898659177317 0.4079377611386249 0.015001854820878364 0.0473297954912217
4 0.4561831627926216 0.41206972741166764 0.019016435688437215 0.0616038607980976
9 0.5971160806169304 0.4528259401957755 0.013945386171520581 0.03643642986228968
0 0.5765149419544567 0.4515112236543527 0.016692204659850562 0.0480810620863204
7 0.6744495857499087 0.43723715834747634 0.027890772343041447 0.06686272696378935
1 0.6542710345471776 0.36267394878392467 0.023876191475482353 0.0657358270711411
9 0.5972217274818656 0.3313085684385516 0.013311504981906162 0.036812063159839
10 0.6246899123651635 0.32492280238021215 0.021763254176767055 0.06085259420299902
2 0.5746132983856129 0.36793281494961605 0.01753737957933672 0.043197829218178455
8 0.48851110346296617 0.3694353481398134 0.01563573601049247 0.04770542878877106
