8 0.5888182918575298 0.598885851655015 0.020004140106179874 0.05270932154961692
9 0.611144341083177 0.4942610236393597 0.015003105079634906 0.03842065004520272
11 0.6476697576163359 0.49997649224112545 0.020182748499985123 0.046041274847556934
4 0.4921018466120259 0.593329146069965 0.020897182075205693 0.06255262858599117
0 0.5197861476518285 0.5447476629549567 0.01696779741149179 0.047311378981282674
3 0.5162139797757251 0.5047393827425972 0.013752846322998495 0.03397528557716279
2 0.5502388787956116 0.51982186933059 0.01714640580529694 0.050169113282165514
6 0.45161132373639207 0.4974045313703307 0.016610580623881502 0.046041274847556934
9 0.4553621000063008 0.46612821707733515 0.0126811959601676 0.037468071944908345
9 0.4595593972607223 0.41564157776173827 0.013574237929193409 0.03619796781118267
0 0.4871543941036225 0.45342717574007807 0.016253363836271146 0.04953406121530264
8 0.5434160381522534 0.45977769640870664 0.01625336383627129 0.047628905014714035
1 0.520643467942093 0.4405673713861053 0.018575272955738756 0.06699799305403116
3 0.5729757273270103 0.37150545911476984 0.012859804353972614 0.03492786367745693
5 0.4558979251877163 0.34530956135667706 0.014824496685829658 0.04286601451324266
5 0.541540650017299 0.3718229851482013 0.01464588829202448 0.041913436412948354
9 0.5953017765526576 0.33483120225344004 0.012859804353972958 0.035880441777751244
9 0.6234325985769731 0.3643611233625627 0.013752846322998735 0.03778559797833985
11 0.5134098279929836 0.3759508235828099 0.015538930261050512 0.044453644680399904
10 0.48786882767884315 0.3727755632484957 0.018039447774322922 0.06096499841883414
2 0.6018209829265467 0.40611579675879544 0.01839666456193321 0.045723748814125574
7 0.6383463994597056 0.39817764592300975 0.02393352476989392 0.0704907794217769
6 0.6561179346433207 0.36356730827898426 0.016610580623881644 0.050169113282165514
