3 0.6937611417296697 0.5935689303121762 0.01943902314818043 0.03906586294513549
11 0.5545185737443346 0.5937567469609509 0.017748673309208058 0.046202895598573476
2 0.5491305836326107 0.5445487849819824 0.019227729418308855 0.04920796197896862
2 0.5173308772869462 0.4949651897054645 0.016480910929978946 0.049207961978968484
4 0.4912361016478118 0.5486807512550247 0.019650316878052364 0.06197949409564715
1 0.4529919365410657 0.5516858176354204 0.021340666717023983 0.06573582707114135
8 0.5869521612796137 0.5391021021675164 0.01795996703907967 0.05183739506181425
9 0.5758592404613587 0.5017265890613533 0.014790561091006751 0.03718769645738845
9 0.6127299963239398 0.4989093393297328 0.015424442280621448 0.03756332975493784
9 0.6033274253446553 0.4547724268676806 0.014367973631263672 0.034933896672092055
0 0.6067081250226006 0.40819389797155786 0.01732608584946502 0.04995922857406706
0 0.6378739501786508 0.4478232108630168 0.01880514195856606 0.04732979549122161
3 0.5797681744639819 0.459467843087048 0.013734092441649219 0.036060796564740365
8 0.5471232931988312 0.45082827724341246 0.01563573601049285 0.048832328681419096
6 0.51870428653111 0.4446303278338475 0.01584702974036444 0.04845669538386942
6 0.4902852798633909 0.41176241429827715 0.016058323470236006 0.05033486187161678
11 0.4629227418450281 0.416645647166419 0.016269617200107424 0.04507599570592517
5 0.4595638624705674 0.3743185810079555 0.014367973631263666 0.04019276283778353
5 0.5458773511230843 0.4111306441677942 0.015424442280621281 0.04319782921817797
10 0.5391159517671968 0.3686840815447148 0.017537379579336657 0.061228227500548654
9 0.5380594831178391 0.33525271806282014 0.012043742602676915 0.03643642986228972
9 0.5155567008865217 0.3433288339601318 0.013100211252034626 0.03455826337454283
7 0.5701761300583109 0.3617348655400513 0.01965031687805187 0.06911652674908567
