9 0.516573306860802 0.6081969736569982 0.01563573601049285 0.03944149624268469
9 0.587356706367763 0.541897696639533 0.014790561091006751 0.03756332975493784
9 0.5802125822272085 0.45583100657617065 0.013945386171520652 0.036436429862289614
9 0.6756117012642022 0.48945018670683993 0.017537379579336657 0.03681206315983907
3 0.6534258596276921 0.5439170148514998 0.01669220465985063 0.0360607965647403
3 0.5787335261181079 0.4100037442751465 0.012677623792291542 0.035685163267190914
9 0.5418627702555266 0.3705622480324617 0.013734092441649111 0.035685163267190984
6 0.5876078627727118 0.5965056765084128 0.019016435688437097 0.045827262301024095
6 0.546616879177636 0.5518053141000369 0.017326085849465114 0.047329795491221634
7 0.5598227372946063 0.5985716596449344 0.021763254176767218 0.06348202728584497
8 0.4820666447018846 0.551617497451262 0.017959967039079726 0.04995922857406701
8 0.6119066417079368 0.4958359527651789 0.019016435688437347 0.051086128466715196
5 0.52083904413331 0.5461708146367958 0.01732608584946506 0.045075995705925284
5 0.5489411102062227 0.4999679190382219 0.016480910929979123 0.04357346251572783
11 0.5410175953360405 0.4580848063614669 0.016269617200107334 0.042446562623079845
0 0.5476733478269936 0.4107550108702452 0.01563573601049285 0.046954162193672246
2 0.48734898794867304 0.3763845641444772 0.014156679901392195 0.04808106208632047
2 0.45533798787313706 0.40887684438249833 0.01774867330920813 0.04394909581327724
0 0.6313456648561173 0.40286671162170784 0.017748673309208176 0.04845669538386979
11 0.6012363083494252 0.37131351462756046 0.017537379579336657 0.044700362408376076
10 0.5684857802193388 0.32285681924369064 0.017959967039079743 0.06273076069074623
4 0.5458773511230856 0.3232324525412399 0.016692204659850544 0.05972569431035108
1 0.6544823282770489 0.3559125494280355 0.02514395385471142 0.06723836026133845
