1 0.5535772559518823 0.5987588039101054 0.021763254176767385 0.06536019377359163
9 0.5856939028923542 0.5407234594387276 0.015001854820878364 0.03793896305248722
9 0.6087249194483505 0.5362158598681351 0.015001854820878364 0.03718769645738838
9 0.6345150708041905 0.41037937757269577 0.016058323470235863 0.03793896305248715
9 0.45343634430429297 0.37676019744202627 0.012677623792291537 0.03606079656474014
9 0.4599864499303103 0.3416384841211591 0.013100211252035024 0.03418263007699332
3 0.5135494104527422 0.3683084482471655 0.013311504981906025 0.036436429862289614
3 0.6441289355133444 0.4956481361164035 0.01669220465985134 0.03869022964758595
11 0.4551266941432652 0.4556431899273957 0.016480910929978734 0.0473297954912214
11 0.5539065128582031 0.4971506693066021 0.016269617200107396 0.04620289559857335
10 0.49242003746558966 0.49602376941395404 0.018382554498822687 0.058223161120153716
7 0.522212453377474 0.49114053654581175 0.019650316878052118 0.06573582707114073
2 0.5187261068345945 0.4592117062541149 0.015635736010492778 0.04319782921817854
2 0.6150760476560098 0.4990288357943491 0.021974547906638532 0.04394909581327713
0 0.6642018398511397 0.4481305239764083 0.020495491797537967 0.04883232868141924
0 0.6583912622796724 0.3679328149496159 0.018593848228694296 0.04770542878877075
5 0.5392215986321321 0.4263437927185442 0.01605832347023593 0.045075995705925104
5 0.5467225260425705 0.3679328149496157 0.01500185482087859 0.043197829218178094
4 0.5775714106038141 0.40399361151435637 0.020072904337794933 0.06047696090544973
6 0.5148171728319707 0.296562488415234 0.014156679901392162 0.047705428788770904
6 0.5980669024013523 0.33356236822384794 0.016269617200107545 0.04808106208632037
8 0.6414877638899508 0.29374523868361374 0.017326085849465114 0.04808106208632039
8 0.48417958200059985 0.4090646610312727 0.0158470297403639 0.050334861871616406
