0 0.6881980884239352 0.5926083120113546 0.022608429096253237 0.046954162193672315
7 0.6259720849767708 0.5931717619576784 0.02704559742355526 0.06460892717849304
5 0.5884674479245755 0.6035016776402863 0.020495491797538047 0.045451629003474874
3 0.5151485236591563 0.5458419664664568 0.01457926736113528 0.03681206315983907
3 0.5178809319151085 0.45752135641514285 0.013522798711777568 0.034558263374542764
6 0.5529556910737817 0.5315211160323703 0.018171260768951144 0.047329795491221634
6 0.48618687243437975 0.3707500646812364 0.015635736010492993 0.046578528896122864
9 0.4612542123095398 0.3769480140908012 0.012677623792291471 0.03793896305248722
9 0.5420740639853981 0.3743185810079555 0.013311504981906168 0.035685163267190984
9 0.5703874237881825 0.36624246511064384 0.012888917522162941 0.03756332975493784
9 0.48829980973309495 0.45132340700557805 0.013945386171520652 0.035685163267190845
9 0.46030339052511726 0.45620663987371995 0.014156679901392188 0.037187696457388224
10 0.4625219746887689 0.5031608020673923 0.020284198067666424 0.060476960905449954
11 0.4567113971173019 0.41714077692858464 0.015424442280621307 0.0424465626230797
11 0.49231439060065396 0.41019156092392095 0.0152131485507498 0.0435734625157279
0 0.5467225260425717 0.45000869046415515 0.016269617200107476 0.045827262301024164
8 0.6163438100352385 0.5027851687698427 0.021974547906638598 0.04620289559857307
8 0.5997572522403245 0.36342521537902334 0.019650316878052073 0.04394909581327719
2 0.5766205888193925 0.41094282751901995 0.018593848228694226 0.045075995705925465
2 0.6362054206431627 0.41225754406044274 0.020284198067666424 0.04470036240837601
1 0.648460456975711 0.48099843751197896 0.02704559742355528 0.0664870936662399
4 0.609899351274157 0.4417447579180686 0.023876191475482395 0.060852594202998836
5 0.6551162094666643 0.3630495820814741 0.01880514195856577 0.04319782921817854
