1 0.6220828573651315 0.5384234131265805 0.02568031486130849 0.0653024040355072
9 0.5858378560102467 0.5421797461020742 0.015278162006095003 0.038141227135782926
9 0.5975402779723619 0.4550617159396608 0.014302960175918714 0.036118586302824836
0 0.5825059164238112 0.4971037503961489 0.017066032028084807 0.045653893086770696
3 0.5478049846333727 0.49883744253868423 0.013977892899192932 0.03409594546986642
8 0.555769132913145 0.5444913356254549 0.017553632943172914 0.0508549695143774
0 0.5483072290166081 0.45263812354700134 0.015440695644457799 0.04825443130057396
5 0.5186448400154133 0.45523866176080446 0.01527816200609486 0.042475457492122004
7 0.5219767796018489 0.49294646586095353 0.0199916375186136 0.06472450665466212
3 0.48605684552368955 0.501903875264054 0.013815359260830534 0.03351804808902152
6 0.4890637178333992 0.4465702010481265 0.01657843111299662 0.04883232868141949
9 0.4599701965664736 0.37433302844247657 0.013652825622467819 0.03727438106451501
11 0.4895513187484879 0.37216591326430715 0.01592829655954567 0.04334230356338978
11 0.5430248857698199 0.3740440797520541 0.014953094729369447 0.04247545749212212
2 0.5147440326947081 0.3346025835093694 0.014628027452644118 0.04565389308677062
10 0.5728498084093776 0.3647977216585309 0.01739109930481014 0.060390276298323185
5 0.5671611310666828 0.33908128821091965 0.014790561091006751 0.04189756011127685
9 0.543268686227364 0.3013734841107705 0.012515090153928696 0.03467384285071187
9 0.5891031722456489 0.3028182275628835 0.012840157430654102 0.03582963761240226
8 0.5978799887172352 0.3374920704135953 0.01836630113498643 0.046231790467615816
6 0.6217724335565538 0.33402468612852415 0.01641589747463392 0.04738758522930624
2 0.6580987017306199 0.3663869394558552 0.02177950754060319 0.04680968784846101
4 0.647371481598681 0.28663710089921796 0.02242964209405425 0.058945532846210125
