3 0.5878145126843445 0.6110026450907582 0.01602117292432446 0.036324978224555264
9 0.6155613266619788 0.5358759855808825 0.01625336383627115 0.036324978224555264
9 0.5789912580303687 0.5080130761472748 0.015092409276537424 0.03756332975493784
9 0.5506639667728674 0.49583595276517944 0.014628027452644047 0.037150545911477054
9 0.5171123799965648 0.5565151777539252 0.015324600188484255 0.0379761135983987
9 0.4574393156262549 0.5166815368599527 0.013931454716803841 0.03591219438109441
7 0.6342526950736906 0.5895378852307936 0.02716633669776762 0.06439427957989345
8 0.5551916895558281 0.5449572301370211 0.019039654779632216 0.0462317904676158
6 0.6667362036550384 0.4484896459202193 0.020200609339365627 0.04664457431107664
0 0.6345777623504162 0.4542686197286713 0.019039654779632046 0.04829570968492021
3 0.5801289934989075 0.45819006624154895 0.013699263804857633 0.03549941053763351
5 0.5165086836255033 0.4148477626781596 0.016485554748217907 0.04210395203300728
5 0.662788958151944 0.4078304373393251 0.019736227515472108 0.0421039520330072
2 0.5717701206688252 0.41360941114777666 0.01648555474821813 0.047882925841459194
2 0.5999813164703527 0.3318782101425275 0.019039654779632025 0.04458065509377206
4 0.6321397577749753 0.4037025989047165 0.022058136634939485 0.05944087345836323
11 0.6577968535450893 0.3638689580107439 0.019504036603525635 0.04334230356338978
11 0.5405404430119897 0.3324973859077188 0.015324600188484245 0.04416787125031134
0 0.572582788860639 0.36345617416728315 0.014860218364590736 0.04664457431107671
10 0.4602023874784208 0.4526174843548276 0.019039654779631973 0.06315592804951055
8 0.45300446920807225 0.41526054652161987 0.015324600188484094 0.05035962890222431
1 0.4915481605912296 0.36386895801074365 0.017182127484057966 0.06563263111027587
6 0.48144785592154654 0.33394212935983186 0.012770500157070177 0.048708493528380824
