8 0.5593212950148754 0.5962603766961142 0.017114792119593575 0.05221302835936356
8 0.617744011324352 0.5387884821710592 0.018593848228694157 0.05071049516916617
6 0.5533782785335246 0.49715066930660184 0.016480910929979126 0.047705428788771
6 0.6060960641364702 0.411881910762893 0.016269617200107764 0.04845669538386984
3 0.571549539302476 0.41732859357735935 0.012677623792291542 0.03756332975493784
3 0.6068355921910207 0.45583100657617054 0.013945386171520724 0.03643642986228976
5 0.553272631668589 0.5442926481490492 0.017537379579336515 0.044324729110826626
0 0.5828537538506025 0.5394094152809072 0.01795996703907967 0.045827262301024095
0 0.48787722227335195 0.5469220812318948 0.017326085849465114 0.0473297954912217
2 0.5218955127826674 0.5480489811245429 0.017326085849465045 0.05108612846671555
2 0.583276341310345 0.4909527198970372 0.016692204659850537 0.049583595276517414
5 0.5199938692138237 0.4999679190382226 0.01648091092997902 0.04282219592062916
9 0.4568170439822377 0.5084196682330835 0.01352279871177764 0.035685163267190845
9 0.48734898794867304 0.4593995229028897 0.013734092441649111 0.0360607965647403
9 0.5195712817540805 0.4180798601724579 0.013945386171520644 0.03681206315983895
9 0.5704930706531183 0.3683084482471655 0.01352279871177764 0.03718769645738845
11 0.4591412750108242 0.41751641022613384 0.01605832347023599 0.043949095813277134
11 0.4876659285434802 0.3799530804711962 0.01563573601049316 0.042446562623079685
9 0.4844965225954075 0.3406994008772861 0.013100211252034484 0.03530952996964153
10 0.5446095887438563 0.3679328149496161 0.018382554498822756 0.061979494095647424
7 0.5952144370480863 0.3236080858387894 0.021129372987152593 0.06648709366623988
4 0.6284931995028519 0.36361303202779816 0.021763254176767215 0.06010132760790049
1 0.6517355097887197 0.3209786527559439 0.023031016555996188 0.06723836026133874
