3 0.623403224406551 0.5938080659820621 0.016903498389722032 0.036812063159839
5 0.5530424123593333 0.5979400322551051 0.01774867330920799 0.04507599570592536
11 0.549978653276196 0.5530518531979546 0.017114792119593575 0.04470036240837601
1 0.5224048215279621 0.5902395496553425 0.021129372987152478 0.06348202728584484
9 0.5146058791020999 0.5040998853112657 0.01457926736113535 0.03681206315983907
9 0.4879828691382876 0.506917135042886 0.014156679901392195 0.035685163267190914
9 0.5175639913203012 0.4601507894979885 0.014156679901392124 0.03756332975493777
9 0.49094098135648906 0.38183124695894305 0.013311504981906025 0.03718769645738845
9 0.5435531200944989 0.37563329754937835 0.012888917522163154 0.03606079656474037
6 0.45586622219781586 0.508795301530633 0.017114792119593502 0.04394909581327717
6 0.6700124174226068 0.4486939739227324 0.02112937298715252 0.048456695383869784
8 0.583487635040217 0.49658721936027805 0.017537379579336647 0.05108612846671536
8 0.575035885845356 0.40737431119230083 0.01795996703907967 0.046202895598573546
5 0.5810577571466946 0.44963305716660584 0.016903498389722032 0.04282219592062909
7 0.5514766349646811 0.4892623700580653 0.019439023148180398 0.06498456047604244
10 0.5466168791776357 0.44381074105459006 0.019016435688437774 0.06047696090544981
11 0.45290810997961445 0.4133844439530908 0.016269617200107403 0.04394909581327731
3 0.46072597798486087 0.3046386043125458 0.012043742602677057 0.03606079656474034
2 0.5153454071566502 0.4103793775726958 0.01648091092997902 0.048456695383869715
2 0.5982781961312239 0.3684962648959402 0.01795996703907967 0.046578528896122934
4 0.5669010772453018 0.3256740689753105 0.01732608584946615 0.058598794417702015
0 0.5112251794241555 0.3382577844432151 0.015001854820878301 0.04545162900347475
0 0.5109082388293481 0.3016335379321507 0.01394538617152073 0.04582726230102418
