10 0.5923619716948213 0.5895564605037492 0.024298778935225373 0.061979494095647354
9 0.5610904996738355 0.5995107428888078 0.015001854820878364 0.03831459635003661
9 0.4858699318395725 0.5444804647978239 0.015001854820878364 0.035685163267190845
9 0.5191486942943376 0.3707500646812364 0.013945386171520581 0.03756332975493777
9 0.48428522886553593 0.37901399722732243 0.01352279871177775 0.03530952996964159
9 0.6646244273108829 0.40662304459720205 0.016269617200107403 0.03793896305248722
7 0.5479902884218009 0.5339627324664413 0.020918079257280908 0.06498456047604251
1 0.5166131695358793 0.4913283531945865 0.019439023148180436 0.06611146036869048
2 0.45164034760038485 0.4905770865994878 0.01626961720010739 0.04883232868141874
0 0.6594477309290303 0.5456073646904719 0.021129372987152627 0.05071049516916615
11 0.5796843479025298 0.5016582688771947 0.018382554498822687 0.046202895598573546
11 0.613596991546909 0.4960237694139538 0.019439023148180246 0.046202895598573226
6 0.6770907573733027 0.49452123622375643 0.02007290433779487 0.04845669538386978
8 0.6429668199990511 0.4535772067908742 0.0215519604468956 0.04545162900347454
8 0.46326150274331923 0.41150627746534413 0.01626961720010733 0.04770542878877102
6 0.5761980013596495 0.40887684438249833 0.016058323470235863 0.04920796197896862
3 0.593312793479243 0.3639886653253476 0.013100211252034555 0.03681206315983914
3 0.6041944205676266 0.4103793775726958 0.013734092441649182 0.035685163267190914
0 0.6311343711262458 0.41019156092392095 0.01732608584946502 0.04582726230102403
2 0.5237971563515113 0.41657732698226063 0.014790561091006873 0.04958359527651792
5 0.5458773511230857 0.3720647812226592 0.015001854820878293 0.04319782921817854
5 0.5700704831933748 0.37018661473491205 0.0156357360104929 0.04244656262307947
4 0.6273310839885585 0.36492774856922106 0.02197454790663855 0.059725694310351116
