2 0.594140821992924 0.5966314168176516 0.02268326601325768 0.04953406121530257
11 0.45527279580939817 0.5561468475551448 0.0182180561681281 0.0466763269144198
8 0.5799414546854124 0.5347138402985234 0.0164319722300764 0.05080416534902845
8 0.5201969469575803 0.4918478257852808 0.016610580623881644 0.04889900914843991
2 0.5497566361323374 0.4989921615374878 0.0164319722300764 0.04858148311500834
3 0.5687784300725888 0.4664457431107666 0.013038412747777955 0.03619796781118282
3 0.6392394414287313 0.4974045313703308 0.015717538654855617 0.03778559797833992
5 0.6111086194044159 0.5024849479052336 0.01911109813715406 0.046041274847556934
4 0.6093225354663641 0.44850552222189094 0.022683266013257607 0.05810726411795116
9 0.5163568664907691 0.4546972798738038 0.014288671504414268 0.03556291574431994
9 0.5173392126566975 0.4121487913939925 0.013395629535388233 0.03746807194490842
9 0.6004814199730077 0.3786497948669769 0.014288671504414268 0.03651549384461411
9 0.5679746923004653 0.34022914482177424 0.01285980435397269 0.03524538971088846
7 0.4580412259133783 0.4070683748590897 0.01911109813715391 0.06922067528805115
9 0.45679096715674206 0.37785597978339835 0.01411006311060893 0.03619796781118281
11 0.543416038152253 0.4512044935060581 0.016253363836271437 0.04318354054667409
10 0.4851003975748629 0.36674256861329846 0.017503622592907466 0.060329946351971225
5 0.5127846986146655 0.3367363584540286 0.014645888292024628 0.042230962446379826
0 0.5467202934376492 0.37499824548251554 0.01464588829202448 0.05016911328216544
1 0.6362030987340433 0.3967487787725684 0.023576307982283672 0.06763304512089405
6 0.6217358188358239 0.33594254337045 0.0164319722300764 0.046358800880988406
6 0.6733536446455202 0.4445364468039981 0.021790224044231792 0.047628905014714035
0 0.6875908735094071 0.550150272038163 0.022758989126008315 0.046603488677987664
