3 0.5243494506932106 0.6002288110130695 0.015001854820878293 0.03869022964758592
3 0.5857302792208887 0.5555284486046935 0.016058323470235863 0.03643642986228976
0 0.553085397955738 0.5925283284133072 0.017537379579336657 0.04808106208632047
9 0.6222840944886625 0.6019191608520417 0.0169034983897221 0.03831459635003654
9 0.6116953479780652 0.4973384859553767 0.01563573601049291 0.03756332975493775
6 0.5828537538506026 0.4967750360090529 0.017114792119593575 0.046954162193672315
8 0.48872239719283783 0.49715066930660107 0.01732608584946553 0.05071049516916601
0 0.6448684635678942 0.4918918031409103 0.019016435688437285 0.04620289559857282
10 0.5506314600451946 0.4922674364384597 0.019439023148180468 0.06273076069074607
9 0.5150284665618429 0.4588360729565657 0.01457926736113528 0.03718769645738845
5 0.5470394666373789 0.4473792573813096 0.015635736010492993 0.04131966273043162
5 0.5446095887438561 0.4086890277337237 0.015001854820878353 0.0413196627304316
2 0.5738737703310628 0.4086890277337236 0.018171260768951144 0.045827262301024234
2 0.6284931995028519 0.3726282311689831 0.02007290433779486 0.044324729110826695
8 0.6353602457236766 0.40530832805577915 0.02112937298715245 0.045827262301024234
1 0.6043000674325613 0.3974200288072419 0.0223971353663816 0.06761399355888759
6 0.6001798397000675 0.36492774856922106 0.016269617200107476 0.048456695383869854
9 0.5971160806169297 0.33619180130669335 0.013100211252034477 0.035309529969641276
9 0.5704930706531183 0.37751146403712527 0.012255036332548385 0.034558263374542764
11 0.5436587669594342 0.3735673144128566 0.015213148550749829 0.04019276283778342
11 0.5191486942943376 0.37131351462756046 0.014790561091006751 0.04394909581327724
4 0.48196099783694835 0.4039936115143556 0.018171260768951016 0.059725694310350665
7 0.4890393377876447 0.3675571816520658 0.017114792119593988 0.06798962685643704
