11 0.6330576934317743 0.5994231376911533 0.02239713536638167 0.04657852889612285
6 0.5954474095146434 0.5992353210423789 0.019439023148180256 0.046954162193672176
0 0.5863401003934827 0.5495515143147405 0.018171260768951 0.044324729110826626
6 0.6376844767522634 0.4481305239764083 0.0185938482286943 0.04808106208632047
4 0.6191962753885043 0.4915161698433604 0.023876191475482592 0.058974427715252624
2 0.6129631103572948 0.5384703320370334 0.021551960446895294 0.0447003624083763
3 0.580001288497337 0.4935821529798831 0.013945386171520724 0.03530952996964146
9 0.5514766349646811 0.5549981971292064 0.015213148550749693 0.03718769645738838
9 0.5193599880242092 0.5050389685551392 0.014367973631263666 0.03718769645738838
9 0.5929958528844358 0.3313085684385517 0.013311504981906168 0.0353095299696416
9 0.5726060079518336 0.4075621278410755 0.013945386171520652 0.03681206315983907
9 0.6017645426741042 0.4160138770359365 0.014367973631263737 0.03718769645738845
8 0.6609267870381309 0.40850121108494875 0.021129372987152513 0.04920796197896851
8 0.6071525327858279 0.447754890678859 0.020495491797538037 0.045827262301024164
3 0.5953200839130226 0.3726282311689833 0.013311504981906025 0.036812063159839
1 0.6527919784380775 0.3206030194583944 0.023031016555996188 0.06648709366623998
2 0.5509484006400023 0.4988410191455745 0.018382554498822756 0.043573462515727926
11 0.48787722227335195 0.49902883579434915 0.017326085849465114 0.04470036240837594
5 0.4881941628681584 0.4578969897126916 0.01669220465985082 0.04131966273043141
7 0.5136550573176775 0.40643522794842696 0.018593848228694497 0.06686272696378921
0 0.510274357639733 0.33506490141404527 0.014367973631263662 0.049583595276517706
5 0.45903562814588866 0.34220193406748367 0.015424442280621448 0.04207092932553032
10 0.45333069743935717 0.41864331011878186 0.01880514195856576 0.06273076069074589
