9 0.5533324193423936 0.5579611324789486 0.015424442280621448 0.03681206315983907
9 0.4852958383237626 0.5466921335524674 0.015001854820878222 0.03681206315983914
9 0.46300434982231664 0.5029308543879647 0.015213148550749907 0.03418263007699352
5 0.4922685314095228 0.6026614948873243 0.01753737957933656 0.04507599570592515
5 0.5210044786720505 0.5525144496644826 0.017114792119593557 0.04319782921817852
0 0.5810118979555635 0.5423723506306495 0.01795996703907967 0.04620289559857362
2 0.5511596943698737 0.4992166524431239 0.01669220465985042 0.05033486187161678
8 0.5210503378631813 0.4994044690918985 0.016480910929979012 0.04845669538386987
8 0.4873489879486732 0.49715066930660223 0.017114792119593502 0.049207961978968484
11 0.45639445652249466 0.45545537327862123 0.015213148550749693 0.046202895598573546
10 0.45068952581596355 0.4049326947582293 0.01901643568843735 0.060852594202999176
9 0.4610429185796682 0.3694353481398136 0.0126776237922914 0.03793896305248722
4 0.4908353344915534 0.4053083280557784 0.01774867330920802 0.06010132760790045
3 0.5188317536995304 0.45320157349332485 0.013311504981906313 0.0356851632671909
3 0.5710213049777972 0.36924753149103895 0.012888917522163012 0.0353095299696416
2 0.5454547636633424 0.37037443138368686 0.016692204659850465 0.045827262301024144
9 0.5782052917934289 0.4165773269822606 0.013734092441649253 0.03831459635003661
1 0.6122235823027447 0.48963800335561464 0.02514395385471161 0.06573582707114127
6 0.6111671136533869 0.44644017413743614 0.01880514195856577 0.048456695383869784
6 0.6782528728875963 0.4881354701654172 0.021551960446895606 0.048456695383869784
11 0.6227882687963208 0.3715013312763351 0.01795996703907967 0.045827262301024164
0 0.6481435163809038 0.32792786876060726 0.017537379579336657 0.04732979549122167
7 0.6618776088225531 0.39310024588542447 0.02514395385471147 0.06949216004663505
