8 0.6588138497394155 0.6025158092692026 0.02577783504432616 0.046578528896122705
9 0.5119647074787056 0.5074805849892098 0.014790561091007097 0.03906586294513533
9 0.6489886913003899 0.4933943363311084 0.016269617200107403 0.03793896305248722
5 0.582536813255795 0.5403484985247802 0.019016435688437583 0.04545162900347476
5 0.5402780672814902 0.3746942143055049 0.015213148550749836 0.042446562623079845
3 0.5475677009620579 0.4584604396590163 0.013734092441648969 0.035685163267190984
3 0.49210309687078213 0.411881910762893 0.01310021125203467 0.03493389667209214
11 0.4946386216292406 0.5548103804804315 0.018171260768951196 0.04507599570592538
11 0.45745092517185176 0.4171407769285842 0.016058323470236367 0.043949095813277286
0 0.4879828691382877 0.49283088638478434 0.01669220465985049 0.045827262301024095
6 0.5194656348891449 0.44925742386905654 0.015847029740364463 0.04883232868141924
6 0.6672655989342762 0.45470410668352207 0.020706785527409313 0.04695416219367197
0 0.5517935755594882 0.5508662308561632 0.01753737957933665 0.04920796197896848
2 0.5732398891414473 0.44662799078621035 0.016058323470236065 0.04732979549122127
1 0.5737681234661263 0.3942271457780723 0.019650316878051924 0.06573582707114077
4 0.5679575458946597 0.3301816685459034 0.018171260768951047 0.05784752782260417
9 0.5131268229929992 0.37394294771040615 0.014156679901392124 0.03793896305248722
9 0.48481346319021484 0.3391968676870886 0.013734092441649111 0.03606079656474023
9 0.5976443149416091 0.3320598350336501 0.013311504981906397 0.03681206315983904
8 0.5420740639853981 0.4145113438457389 0.015424442280621307 0.04995922857406732
10 0.6320851929106679 0.35722726596945875 0.022185841636510162 0.06235512739319681
7 0.6371562424275844 0.3989225619974394 0.025143953854711756 0.06911652674908557
2 0.6419103513496934 0.2967503050640088 0.019016435688437153 0.04507599570592516
