0 0.6474039883263533 0.29675030506400857 0.01732608584946523 0.049583595276517546
0 0.6265915559340083 0.3284913187069314 0.016269617200107476 0.04770542878877098
6 0.5990177241857738 0.3290547686532551 0.016903498389722663 0.04808106208631999
11 0.5451378230685343 0.31083655372211005 0.015213148550751666 0.04470036240837501
4 0.5473564072321863 0.40399361151435625 0.018382554498822604 0.061228227500548585
6 0.5758810607648424 0.40286671162170806 0.015847029740364414 0.04845669538386963
8 0.635148951993805 0.41206972741166803 0.02112937298715245 0.04883232868141917
11 0.6734987639654869 0.4642827557710316 0.02176325417676736 0.046578528896122934
10 0.5498919319906448 0.487384203570318 0.020495491797537905 0.06122822750054864
3 0.5195712817540804 0.5471098978806692 0.014367973631263692 0.03643642986228926
9 0.5625695557829361 0.6068355921910205 0.015847029740364452 0.03944149624268439
9 0.5959539651026371 0.5950031433182152 0.016692204659850562 0.03681206315983907
7 0.6237390905807427 0.5343383657639906 0.027468184883298434 0.06723836026133867
2 0.6546936220069212 0.5474855311782183 0.022608429096253088 0.047705428788770356
5 0.457290341937149 0.6055659516453031 0.018593848228694483 0.046202895598573136
3 0.4536476380341648 0.519688667159565 0.015213148550749764 0.036436429862289614
2 0.49495556222404785 0.4845669538386976 0.016692204659850406 0.051837395061814166
1 0.48914498465257905 0.4090646610312722 0.018171260768951 0.06761399355888673
8 0.4852360506499574 0.3718769645738844 0.014156679901392188 0.046578528896122705
5 0.45871868755107975 0.30689240409784174 0.014367973631263733 0.04131966273043117
