3 0.5988020841438795 0.6013595649033503 0.016269617200107323 0.03981712954023418
9 0.522106806512539 0.5568763636169534 0.015213148550749836 0.036436429862289545
9 0.5813746977415019 0.5533078472902343 0.015847029740364463 0.03756332975493791
9 0.6546936220069212 0.5531200306414596 0.017537379579336515 0.03718769645738853
9 0.645396697892574 0.500343552335772 0.017537379579336515 0.03756332975493784
2 0.6194075691183765 0.5420388483637529 0.022185841636510162 0.044324729110826626
6 0.5171414038605576 0.4962115860627285 0.017114792119593415 0.04732979549122138
6 0.5746132983856128 0.4098159276263717 0.016269617200107472 0.04808106208632017
3 0.6414877638899509 0.45864825630779094 0.015635736010492993 0.03906586294513531
11 0.6699067705576709 0.4496330571666059 0.02091807925728105 0.043573462515727926
8 0.5506314600451947 0.44719144073253436 0.01648091092997904 0.047705428788770904
0 0.5122816480735132 0.3748820309542796 0.015424442280621307 0.04883232868141917
0 0.603137951918269 0.40831339443617426 0.017114792119593502 0.05033486187161671
5 0.6363110675080976 0.4109428275190197 0.017959967039079698 0.04357346251572758
5 0.6241616780404857 0.3346892681164962 0.016480910929979088 0.04131966273043165
2 0.5744286671564582 0.36304958208147403 0.017168117121028354 0.04319782921817852
4 0.5421797108503339 0.36586683181309454 0.0169034983897221 0.06010132760790057
9 0.5393272454970685 0.3014457212833761 0.01246633006242007 0.03568516326719095
10 0.6567009124407006 0.36473993192044646 0.02493266012484014 0.062355127393196735
1 0.6522637441133986 0.32680096886795923 0.023664897745610886 0.06836526015398682
7 0.6456079916224452 0.28867418916669724 0.023031016555996247 0.06949216004663498
11 0.46051468425498937 0.4516990403031274 0.016269617200107476 0.046202895598573546
8 0.46452926512254833 0.30783148734171556 0.016269617200107476 0.047705428788771084
