0 0.6929741951362612 0.6054486413664795 0.0230310165559969 0.04620289559857353
6 0.5939830826914521 0.596621258874069 0.020284198067666282 0.04883232868141917
10 0.5243617986987842 0.5896720428694057 0.020918079257280973 0.06197949409564722
0 0.5205221035385026 0.5444804647978239 0.01669220465985049 0.04620289559857362
1 0.5565476844815976 0.5362165322517375 0.01986161060792341 0.0657358270711412
11 0.5811634040116304 0.49658721936027816 0.0179599670390796 0.046578528896122864
9 0.6115897011131302 0.49170398649213626 0.015001854820878364 0.03756332975493784
9 0.6048283017572412 0.44625235748866154 0.014579267361135208 0.03756332975493777
9 0.5752471795752276 0.45752135641514285 0.01457926736113528 0.03606079656474044
9 0.5727116548167693 0.40981592762637176 0.013311504981906168 0.0360607965647403
9 0.5148171728319714 0.3737551310616315 0.013311504981906025 0.03606079656474037
5 0.5468281729075071 0.45357720679087427 0.01563573601049291 0.04470036240837602
5 0.45945821560563166 0.3808921637150696 0.015001854820878395 0.04282219592062904
8 0.49305391865520365 0.4930187030335586 0.01626961720010753 0.04695416219367181
8 0.6705406517472855 0.405308328055779 0.02218584163651015 0.046578528896122906
3 0.6729705296408081 0.46090205609308726 0.01648091092997902 0.03831459635003661
3 0.5147115259670356 0.4124453607092174 0.01352279871177764 0.0360607965647403
4 0.5404893610113617 0.32830350205815667 0.016903498389722032 0.06160386079809801
7 0.5141832916423567 0.3245471690826629 0.017537379579336577 0.06536019377359172
6 0.48914498465258105 0.33731870119934176 0.015213148550749836 0.04883232868141921
11 0.622260034471642 0.3279278687606073 0.017748673309208058 0.04207092932553039
2 0.5666897835154305 0.29581122182013553 0.01563573601049284 0.04620289559857356
2 0.6455220122894894 0.2982878027555035 0.02032353313162524 0.04500606670333208
