4 0.4892257220997014 0.5948680280210861 0.020918079257281223 0.06310639398829525
9 0.4620744778112107 0.551670198802908 0.01563573601049302 0.03756332975493764
11 0.5513460786819305 0.6085786433816391 0.01880514195856574 0.04545162900347477
1 0.5920450311000138 0.5935006101280177 0.02620042250406911 0.06310639398829551
6 0.6184567473339546 0.5442926481490492 0.020706785527409437 0.04808106208632033
10 0.6213092126872197 0.49095271989703737 0.02429877893522543 0.06010132760790045
8 0.520310809808631 0.5037242520137163 0.017537379579336657 0.04883232868141931
11 0.5165075226709428 0.4575213564151426 0.017537379579336633 0.045075995705925145
7 0.5498919319906446 0.4428716578107171 0.019650316878051726 0.06686272696378935
3 0.5439757075542418 0.4135722606018655 0.012466330062419928 0.03606079656474037
3 0.5716551861674116 0.3373187011993417 0.013311504981906025 0.03681206315983907
8 0.4631558558783834 0.33713088455056706 0.016058323470236006 0.04845669538386982
5 0.4902014533019383 0.3329989182775239 0.014367973631263764 0.04244656262307967
9 0.45565492846794425 0.4120697274116681 0.013734092441649182 0.03681206315983907
2 0.4890393377876444 0.4145113438457392 0.01584702974036437 0.04695416219367255
5 0.6855425065681634 0.5426022983100767 0.023031016555996174 0.04545162900347444
0 0.6615606682277457 0.4601507894979885 0.01986161060792341 0.046578528896122934
0 0.6613493744978736 0.40436924481190545 0.018593848228694046 0.04695416219367203
6 0.6072581796507638 0.4100037442751464 0.01690349838972196 0.05071049516916609
9 0.6001798397000673 0.37995308047119586 0.014579267361135266 0.03568516326719088
9 0.6207809783625413 0.33713088455056706 0.013945386171520652 0.03568516326719095
9 0.5946862027234079 0.3005066380395027 0.012888917522163012 0.03606079656474034
2 0.6497285360302976 0.3333167421259093 0.020055201085712092 0.04487877166033488
