7 0.6938561021704166 0.5914779692950597 0.03218166039581675 0.0664581987971978
1 0.6646813140843097 0.6004353786981602 0.03039379037382717 0.06703609617804294
9 0.6207159649071963 0.5916224436402711 0.017553632943172845 0.038430175826205684
9 0.5830894276262282 0.5469798709699794 0.014465493814281425 0.03698543237409242
9 0.6458274120342352 0.5006036061571524 0.01739109930481014 0.037852278445360384
3 0.6416828042559861 0.4601507894979885 0.01527816200609486 0.03727438106451515
5 0.636806795105105 0.41074056343572396 0.018203767496623745 0.04420914963465768
0 0.6103138120519828 0.4532160209278462 0.016903498389722032 0.04883232868141924
6 0.5796762212206112 0.4108850377809353 0.016740964751359336 0.04912127737184158
10 0.6001554596543133 0.3647977216585309 0.022267108455691444 0.06154607106001343
2 0.5246585846348336 0.5429345893040631 0.01722856566644757 0.05027707213353211
11 0.5259588537417353 0.4894790815758824 0.0169034983897221 0.04449809832508023
3 0.48735711463059134 0.5040709904422235 0.013490291984105056 0.03554068892197968
4 0.4551754542347743 0.4471480984289714 0.018691368411712015 0.06154607106001359
9 0.4559068556074063 0.4117518838522032 0.012352556515566129 0.03467384285071172
9 0.490038919663576 0.4123297812330485 0.014302960175918642 0.03929702189747339
6 0.5192137077496828 0.4065508074245965 0.01641589747463392 0.0508549695143774
11 0.5422122175780062 0.34052603166303264 0.014628027452644042 0.04305335487296716
5 0.5696804024613046 0.3366252243423275 0.014953094729369445 0.04218650880169938
2 0.5400180134601098 0.300651112384714 0.015440695644457634 0.043053354872967235
0 0.46094539839665066 0.3364807499971161 0.014953094729369338 0.04767653391972882
8 0.5129561626727123 0.33850339083007364 0.014302960175918464 0.048832328681417625
8 0.5148252995138893 0.2990618945873897 0.012840157430654243 0.044498098325080206
