10 0.6971277417770197 0.596445575180805 0.033173115589829646 0.06235512739319681
3 0.5907413487867061 0.598699374966101 0.01648091092997906 0.03756332975493761
3 0.641699057619822 0.4593995229028891 0.016058323470236315 0.03906586294513534
5 0.5284456184086843 0.5518053141000364 0.017326085849465538 0.04507599570592541
0 0.4878772222733514 0.5529322139926844 0.017748673309208093 0.04732979549122114
6 0.5896151532064909 0.5484246144220921 0.019227729418308716 0.04732979549122151
4 0.6198301565781189 0.5478611644757678 0.025143953854711576 0.06273076069074564
1 0.6152873413858816 0.49733848595537694 0.02493266012484 0.06686272696378928
2 0.5831706944454098 0.4975263026041516 0.01986161060792348 0.04920796197896862
9 0.5324601992762438 0.4560188232249453 0.013945386171520581 0.0353095299696416
9 0.6109558199235154 0.4577091730639175 0.015424442280621448 0.03718769645738845
9 0.6089485294897359 0.4130088106555415 0.013945386171520652 0.03718769645738845
7 0.5175639913203001 0.4903892699507132 0.020495491797537922 0.06197949409564715
5 0.5775714106038145 0.41376007725064023 0.017537379579336515 0.045451629003474776
11 0.5461942917178929 0.3746942143055049 0.01563573601049285 0.04394909581327724
6 0.4895675721123237 0.3328111016287489 0.01521314855074992 0.04958359527651783
2 0.5397498329568113 0.3018213545809255 0.015424442280621377 0.046954162193672315
8 0.6018701895390399 0.33055730184345294 0.019227729418308855 0.046578528896122864
8 0.6441289355133449 0.2982528382542064 0.016269617200107476 0.04808106208632044
0 0.6348320113989977 0.41300881065554135 0.018382554498822697 0.04920796197896846
9 0.4600920967952463 0.5602570632948978 0.015001854820878222 0.03869022964758592
9 0.4558662221978157 0.41244536070921717 0.013734092441649299 0.03756332975493775
11 0.45079517268089914 0.5078562182867594 0.017114792119593502 0.04282219592062909
