9 0.5598227372946062 0.5993229262400331 0.014579267361135208 0.04019276283778339
3 0.5222124533774748 0.6047696090544991 0.015424442280621307 0.03681206315983905
3 0.580846463416823 0.4926430697360097 0.013945386171520581 0.03718769645738853
9 0.5495749913958373 0.5035364353649416 0.014367973631263596 0.03718769645738853
11 0.5230576282969609 0.5009070022820961 0.017114792119593502 0.04319782921817847
0 0.5558081564270468 0.5435413815539504 0.017114792119593568 0.045827262301023894
0 0.45787351263159537 0.4535772067908744 0.016058323470236006 0.047705428788771015
10 0.6169776912248538 0.5290794995982995 0.024510072665096985 0.059725694310351116
2 0.5913055030454634 0.5420388483637527 0.020495491797537947 0.05033486187161669
2 0.6030323050533332 0.40812557778739955 0.01986161060792334 0.046202895598573476
8 0.5435531200944989 0.4541406567371981 0.01626961720010766 0.04958359527651791
6 0.670646298612221 0.4515112236543526 0.0211293729871525 0.04808106208632019
6 0.6354658925886123 0.40549614470455386 0.018805141958565627 0.049207961978968484
9 0.6209922720924125 0.29693812171278344 0.013522798711777875 0.03493389667209208
9 0.5716551861674117 0.334125818170172 0.012888917522163154 0.03643642986228965
9 0.4854473443798294 0.3825825135540418 0.01246633006242 0.034933896672092145
7 0.5155567008865214 0.4051205114070042 0.019016435688437354 0.0664870936662397
11 0.5156623477514575 0.37582111419815306 0.015424442280621307 0.0424465626230797
4 0.5129155292631274 0.3320598350336505 0.016269617200107472 0.056344994632406734
1 0.5468281729075073 0.39723221215846727 0.018171260768951293 0.06723836026133861
8 0.6289157869625951 0.3348770847652707 0.020495491797537967 0.04394909581327731
5 0.6563839718458934 0.3701866147349124 0.01965031687805172 0.043949095813277175
5 0.6452910510276381 0.29900410484930495 0.017748673309208204 0.042070929325530367
