9 0.5980879451439103 0.5924532806367897 0.016058323470235933 0.03793896305248722
9 0.5519202651669818 0.5417427854676234 0.014579267361135396 0.03869022964758597
9 0.6415088066325078 0.5002353060884169 0.01669220465985073 0.037563329754937556
9 0.6091598232196069 0.4588360729565653 0.015213148550749829 0.03718769645738821
3 0.5191486942943373 0.5544347471828815 0.014790561091007579 0.0353095299696416
3 0.45512669414326523 0.5591301634022487 0.014790561091007378 0.03643642986228961
5 0.5560194501569186 0.5959422265620883 0.017537379579336872 0.04470036240837591
0 0.6508903348692336 0.5386581486858085 0.02091807925728105 0.047329795491221634
2 0.5854949254739966 0.5382825153882592 0.018171260768951286 0.05033486187161671
2 0.577782704333686 0.45000869046415526 0.01669220465985049 0.05033486187161671
7 0.5205221035385024 0.49696285265782725 0.020072904337795114 0.06235512739319692
6 0.48639816616425124 0.4601507894979885 0.016058323470236006 0.0480810620863204
6 0.5698591894635038 0.3266131522191843 0.015213148550749778 0.046954162193672336
11 0.5136550573176781 0.4103793775726958 0.016058323470236006 0.04394909581327724
0 0.4876659285434804 0.40831339443617426 0.015213148550749764 0.051086128466715335
8 0.5416514765256553 0.3683084482471651 0.015424442280621252 0.04995922857406723
8 0.6393748265912356 0.4383640582401246 0.020284198067666424 0.04958359527651801
9 0.573345536006384 0.3696231647885883 0.013311504981906025 0.03681206315983914
1 0.6067299453260848 0.4013641784315108 0.02260842909625329 0.06949216004663505
11 0.6260633216093295 0.3686840815447148 0.017748673309208058 0.04470036240837601
4 0.6032435987832048 0.36079578229617787 0.020284198067666424 0.060476960905449885
5 0.6233958057762764 0.3303694851946781 0.01706210370027553 0.04169529602798078
10 0.6002932998895912 0.3249072387732395 0.01781554562046569 0.0609284950033254
