6 0.5167957991583567 0.6057394191021124 0.018382554498822756 0.0473297954912217
6 0.6105045683563783 0.4928616131885242 0.018593848228693973 0.04770542878877096
9 0.4562601455501647 0.560663423396187 0.015213148550749836 0.03681206315983907
3 0.5466938619351774 0.5043184287637802 0.01394538617152072 0.036060796564740344
3 0.5779653339561633 0.5041306121150054 0.013945386171520645 0.03643642986228965
11 0.5532439675611949 0.5503335077135791 0.017326085849465045 0.04470036240837601
2 0.6227596046889267 0.5475162579819588 0.023242310285867752 0.0450759957059253
0 0.5445039418789207 0.46221677263451 0.01563573601049283 0.043197829218178434
7 0.4545984598185867 0.44794270732763364 0.0179599670390796 0.06874089345153621
2 0.5169301101306867 0.4171407769285846 0.016269617200107542 0.0454516290034747
10 0.5472507603672505 0.40605959465087793 0.017748673309208058 0.06160386079809804
5 0.6238447374456784 0.4573335397663679 0.018382554498822753 0.04244656262307966
5 0.6695898299628635 0.45432847338597315 0.020706785527409406 0.04470036240837607
4 0.6327190741002826 0.39948601194376365 0.023031016555996348 0.061979494095647195
1 0.6577573810900583 0.35553691613048666 0.023664897745610886 0.06723836026133867
11 0.4586130406861458 0.3380699677944405 0.014579267361135247 0.042070929325530367
0 0.457133984577045 0.37394294771040615 0.015001854820878364 0.047705428788770946
8 0.4890393377876454 0.3716891479251099 0.01584702974036439 0.04620289559857362
8 0.5702817769232468 0.3705622480324615 0.01563573601049298 0.0492079619789684
9 0.5979612555364165 0.3722525978714339 0.013522798711777554 0.03606079656474022
9 0.6213092126872202 0.3380699677944405 0.013734092441649253 0.03681206315983907
9 0.5955313776428941 0.336003984657919 0.013311504981906096 0.03643642986228976
9 0.5404893610113618 0.3361918013066936 0.013522798711777497 0.03606079656474034
