9 0.5230315572047948 0.5976444738221104 0.01509240927653745 0.03756332975493779
5 0.5209203109524904 0.5518919987071633 0.01694993657211187 0.04375508740685057
6 0.4519596101043113 0.5506536471767803 0.018343082043791988 0.04705735815453696
6 0.5197593563927576 0.38492093402724764 0.014163645628750601 0.04747014199799835
9 0.45904143291868743 0.5033898971005131 0.01439583654069736 0.03426105900725098
9 0.6125196257154759 0.49884927482244334 0.01578898201237769 0.037563329754937376
9 0.6273798440800675 0.36263060648036144 0.014395836540697432 0.03756332975493777
9 0.5995169346464597 0.37191824295823067 0.013931454716803841 0.03715054591147691
3 0.5817543298825347 0.493689476779183 0.013699263804857082 0.03880168128532041
3 0.5273055610310263 0.5135031012653041 0.013002691069016876 0.036324978224555195
0 0.553891420448927 0.5089624789872347 0.01648555474821805 0.05035962890222436
0 0.4902280097677517 0.5054538163178168 0.016399353132677083 0.04416787125031143
11 0.5915878112800221 0.5505144979963457 0.02025533257825166 0.045011850173892205
11 0.46091889948445397 0.4528583534886401 0.0160721660675258 0.04696888713797478
2 0.6531243923193852 0.5518844238712036 0.024438499088977467 0.04462044278107591
2 0.49130189835183147 0.4528583534886401 0.015191499433688804 0.05010014628050648
8 0.5465637296251049 0.44953139064970027 0.01783349933519986 0.04501185017389247
5 0.6504823924178741 0.4965002777876751 0.02135616587054791 0.04501185017389254
4 0.628461166907424 0.43391909931848305 0.02442937975992924 0.05979732233803624
7 0.5761395349368548 0.4045945275339775 0.021269572125033775 0.06806263080010837
10 0.6610848886112087 0.35898311175473824 0.024194138292226056 0.06286340205843338
1 0.6523111901096322 0.32613343925051924 0.022598920382848605 0.06522668785010388
8 0.46434134645464553 0.30746348149632285 0.015154570139086658 0.04679305867507452
