0 0.6975513866109572 0.5968431803431663 0.022940462100336987 0.046149233698923736
9 0.6682505476796581 0.4513405760918144 0.016840219987345507 0.0371959067733958
6 0.5213009823588487 0.6057419714691843 0.017664566420292332 0.04745444016118026
9 0.5822437365088572 0.5525301911413901 0.014327926096459293 0.037335478656222776
9 0.5156090665123101 0.41069026521845037 0.012954015374881039 0.03698654894915521
9 0.5762574112219805 0.4082477572689779 0.013346561295331617 0.03698654894915518
9 0.6053058093353498 0.4171454647991992 0.01413165313623388 0.037335478656222706
11 0.45162408147880684 0.5584619961615377 0.018057112340743302 0.04710551045411286
10 0.45142780851858155 0.5024587781772031 0.020019841942997593 0.06280734727215041
11 0.45721786084523264 0.45308522462715195 0.015898109778263034 0.045709791625842794
7 0.487640169680181 0.4954801840358535 0.020608660823673915 0.06699450375696041
6 0.5202214810776086 0.49757376227825856 0.017468293460066776 0.04675658074704529
4 0.580084733946377 0.4857101522379635 0.02060866082367447 0.06141162844388049
5 0.6155120032670743 0.5026332430307373 0.020019841942998013 0.04501193221170787
5 0.5479941049495126 0.4218560158446105 0.01570183681803748 0.04536086191877537
3 0.487836442640406 0.41697099994566544 0.012757742414655554 0.03489297070675029
1 0.4573159973253455 0.400571303713493 0.01805711234074285 0.06490092551455542
0 0.4858737130381513 0.3731803217086939 0.015505563857812205 0.04640765103997793
3 0.542110860591292 0.2999314536167558 0.011393720590166896 0.03518915962934178
8 0.4601977436601821 0.3429532006625824 0.016058323470235933 0.045827262301024164
8 0.6278593183132373 0.36549119851554485 0.018805141958565665 0.048081062086320354
2 0.5133381167228707 0.34220193406748367 0.015424442280621448 0.043573462515727926
2 0.5729229485466408 0.33825778444321514 0.015424442280621307 0.04695416219367228
