4 0.5929047366893034 0.6084860685554583 0.0240874852053539 0.061228227500548724
7 0.5607880897488315 0.5444405913232893 0.02155196044689568 0.06385766058339427
8 0.5251850962654792 0.6082982519066831 0.01838255449882303 0.051837395061814166
11 0.48672963742886155 0.557212123439968 0.017959967039079663 0.04582726230102389
9 0.4886167503279022 0.500343552335772 0.01457926736113528 0.03681206315983907
3 0.45829610009133726 0.5097343847745058 0.015213148550750183 0.03455826337454275
9 0.45554928160300834 0.41225754406044224 0.01352279871177784 0.03568516326719089
9 0.5765149419544566 0.3716891479251096 0.012888917522163304 0.036436429862289725
9 0.5449265293386629 0.36830844824716535 0.012677623792291537 0.035685163267190956
6 0.5453491167984068 0.40737431119230083 0.016058323470235933 0.049207961978968554
6 0.46167679976928233 0.3720647812226589 0.01563573601049291 0.04770542878877096
11 0.46093727171473214 0.33074511849222743 0.01457926736113574 0.04244656262307954
8 0.51809222564498 0.3767601974420265 0.015213148550749836 0.045827262301024234
2 0.488722397192838 0.3746942143055048 0.01563573601049285 0.046954162193672246
2 0.6343037770743186 0.3761967474957018 0.02070678552740995 0.04545162900347476
0 0.6116953479780656 0.4490696072202817 0.018593848228694226 0.046954162193672315
0 0.541651476525655 0.334125818170172 0.015001854820878364 0.048456695383869784
3 0.5985951367260312 0.3329989182775239 0.013522798711777782 0.03568516326719095
5 0.516296228941072 0.33919686768708857 0.014156679901392267 0.0360607965647403
1 0.48988451270713107 0.32961821859957885 0.017537379579337084 0.06573582707114108
10 0.6513129223289756 0.49527250281885477 0.026411716233940546 0.06348202728584422
5 0.6651526616355616 0.4107550108702452 0.01986161060792341 0.04470036240837601
9 0.6504677474094908 0.33694306790179235 0.014579267361135208 0.036812063159839106
