11 0.6656808959602404 0.6058965089471472 0.02345360401573956 0.047329795491221634
9 0.6507846880042979 0.5512418641537127 0.01690349838972196 0.03718769645738853
9 0.5216842190527957 0.5510540475049376 0.014367973631264089 0.0375633297549378
9 0.4558662221978157 0.5585667134559255 0.01584702974036439 0.03681206315983906
7 0.5595057966997983 0.5410997651198792 0.021974547906638747 0.06498456047604201
5 0.552321809884167 0.5035364353649415 0.01732608584946504 0.04319782921817852
5 0.6799432227265683 0.4975263026041516 0.021551960446895606 0.04545162900347485
3 0.5172470507254939 0.4582726230102416 0.01352279871177764 0.0353095299696416
0 0.5486241696114144 0.4554553732786206 0.015001854820878971 0.047705428788770696
0 0.6425764507457294 0.4053339743892487 0.018369186347501697 0.04718925358380908
2 0.6099607090209482 0.46096980984403774 0.021568457167634135 0.045507074463579544
6 0.45696687273844505 0.46096980984403774 0.01706515292384239 0.04887796886828916
4 0.6619857238373842 0.36279251030687065 0.0237016012831144 0.06151882288595019
10 0.5989394644243 0.40050439145955935 0.022279505206127367 0.0610974610853615
9 0.5991764804371311 0.37185178901952765 0.013746928744206386 0.033287582246507415
9 0.4901491145348052 0.30991160433298875 0.012798864692881794 0.03665847665121696
6 0.5370782850753717 0.37121974631864463 0.015169024821193205 0.04634979806475705
3 0.5439517494474748 0.30020139164163434 0.011850800641557193 0.035010812004490535
2 0.5151543038884908 0.37058770361776155 0.01445797678269976 0.04592843626416837
1 0.4826831101306242 0.37143042721893876 0.01777620096233575 0.06868197349595814
8 0.5758304031732636 0.36616340471158026 0.017302168936673464 0.04719252166593442
8 0.45945554087317236 0.3387748876733145 0.01493200880836169 0.048035245267111754
11 0.5174059560103867 0.3320330988638955 0.015169024821193205 0.03960800925533777
