0 0.6565952655757648 0.5888051939086506 0.02007290433779488 0.046202895598573476
0 0.513549410452742 0.3420141174187088 0.015001854820878412 0.0462028955985735
5 0.4612542123095398 0.30914620388313835 0.01352279871177764 0.043573462515727926
5 0.6057791235416626 0.41901894341633134 0.01732608584946524 0.043949095813277224
9 0.5195712817540806 0.622987823985644 0.016058323470235933 0.03869022964758614
9 0.5522161630192312 0.4637193058247073 0.01373409244164906 0.035685163267190956
9 0.5149228196969072 0.4165773269822606 0.013945386171520724 0.034558263374542764
9 0.4571339845770449 0.42014584330897925 0.013734092441649203 0.03643642986228973
6 0.5223181002424105 0.5482367977733178 0.017748673309208273 0.04920796197896862
11 0.5184091662397873 0.5046633352575899 0.017114792119593644 0.04244656262307977
11 0.640959529565272 0.45545537327862123 0.02007290433779495 0.045451629003474776
6 0.5744020046557415 0.45789698971269216 0.016269617200107476 0.0473297954912217
10 0.6207809783625413 0.545607364690472 0.02704559742355528 0.061228227500548654
3 0.590671621855849 0.6064599588934713 0.016269617200107545 0.03718769645738845
3 0.5763036482245852 0.4130088106555415 0.013311504981906096 0.036436429862289614
2 0.4590356281458886 0.5052267852039133 0.016692204659850777 0.05108612846671536
4 0.4910466282214239 0.44869397392272836 0.01859384822869582 0.06348202728584444
1 0.5518992224244235 0.5326480159250184 0.021129372987152492 0.062355127393196666
2 0.6408538827003363 0.49489686952130596 0.021551960446895606 0.05071049516916609
8 0.6632510180667179 0.4075621278410755 0.022819722826124718 0.04883232868141924
8 0.5696478957336318 0.37187696457388447 0.017326085849465038 0.047329795491221495
9 0.6599759652537093 0.3733794977640821 0.015847029740364463 0.03530952996964153
7 0.6269084965288156 0.35384656629151445 0.022397135366381774 0.06836526015398693
