11 0.4570198147731809 0.6055476421225867 0.018691368411711907 0.04796548261015133
2 0.5487135631125151 0.5406229997806823 0.01625336383627129 0.05027707213353203
3 0.5154754340673402 0.5034930930613782 0.014465493814281336 0.03611858630282461
3 0.4883323164607675 0.5055157338943365 0.014140426537555938 0.03496279154113438
0 0.45940132883220514 0.5029151956805328 0.017066032028084474 0.04652073915803851
0 0.4552567210539557 0.4507599570592541 0.015928296559545814 0.049699174752687016
9 0.4832125068523422 0.454082866999114 0.013977892899193307 0.036118586302824766
9 0.5193762413880456 0.4598618408075659 0.014140426537555898 0.036696483683669984
9 0.4896325855676693 0.4217206136717829 0.013490291984105056 0.03727438106451515
8 0.5487948299316957 0.4529270722374237 0.016415897474633852 0.04709863653888356
8 0.572443474313471 0.36754273421754563 0.017553632943172914 0.04623179046761585
1 0.5162068354399728 0.4039502692107928 0.01787870021989814 0.06703609617804285
11 0.5167757031742422 0.3725993362999411 0.015115628367732156 0.042475457492122004
6 0.5420496839396433 0.36783168290796786 0.015278162006094715 0.049121277371841625
5 0.5405056143751978 0.33734759606838405 0.01381535926083053 0.03958597058789598
5 0.5969047868870588 0.3322909939859884 0.016740964751359326 0.04218650880169928
9 0.46175806658846424 0.3025292788724609 0.012352556515566136 0.03409594546986664
4 0.5827643603495032 0.39918261581882014 0.019666570241888195 0.059812378917477954
6 0.642511547203243 0.5372127701816288 0.02018632066786116 0.04842907061896137
7 0.6165713571289472 0.487889863778558 0.02421751211604395 0.06732504486846551
2 0.6712639264379996 0.4520602261661557 0.02470511303113213 0.04478704701550271
10 0.6346938578063895 0.40380579486558177 0.025030180307857676 0.06154607106001357
9 0.6604554394868793 0.3725993362999411 0.015440695644457634 0.03554068892197968
