2 0.6607154933082588 0.5948153266694401 0.021974547906639854 0.04995922857406659
9 0.6224713282015135 0.5955665932645393 0.017326085849465045 0.03869022964758599
9 0.5561250970218545 0.6042061591081751 0.015213148550749836 0.03718769645738845
9 0.519888222348888 0.5972569431035116 0.01584702974036432 0.03606079656474037
9 0.6730761765057436 0.49170398649213604 0.017959967039079715 0.03906586294513535
8 0.6210979189573486 0.5386581486858085 0.02007290433779481 0.04958359527651787
0 0.4598808030653743 0.6053330590008223 0.018382554498822822 0.04995922857406723
0 0.45565492846794425 0.45432847338597315 0.01584702974036439 0.049207961978968484
5 0.45576057533288006 0.5508662308561634 0.017748673309208058 0.046202895598573476
11 0.5512653412348095 0.5009070022820961 0.016058323470236075 0.047705428788771084
6 0.5233745688917677 0.49790193590170084 0.01732608584946503 0.04545162900347453
6 0.49210309687078224 0.45132340700557805 0.016903498389722462 0.04695416219367222
3 0.5806351696869513 0.4556431899273957 0.013522798711777573 0.03530952996964159
3 0.5477789946919294 0.41094282751901984 0.012888917522163012 0.0360607965647403
9 0.5215799097880843 0.4214076202352463 0.013542834255557351 0.03663761924208771
11 0.4849750027060341 0.3791871256800785 0.015701836818037548 0.04291835396930281
8 0.5751624279296377 0.3678469102003847 0.017075747539615875 0.04396514309050538
2 0.6376753657614499 0.4081482913666812 0.020412387863449045 0.04780336986824793
5 0.5160842669017711 0.3020736604181605 0.013935380176008394 0.04222049455516786
10 0.6205169637528246 0.33113429200706 0.022963936346378954 0.061411628443880685
7 0.6182598247102311 0.28856486774482454 0.02080493378389954 0.07048380082763549
1 0.6510374090678844 0.3246790924263111 0.023945301147507293 0.06734343346402799
4 0.645639902661684 0.2922286296690333 0.0217862985850271 0.05966697990854293
