9 0.5880710228544651 0.595086270966963 0.01605832347023579 0.03869022964758607
9 0.6128980361143693 0.5054977295014363 0.015424442280621307 0.03681206315983907
9 0.46055525687699955 0.5481321087732907 0.015001854820878222 0.03718769645738838
1 0.4573858509289267 0.5969644374547097 0.02134066671702399 0.06047696090544984
4 0.5183440919968618 0.534984943359062 0.019861610607923515 0.06047696090544989
5 0.5432361794996916 0.5022217188235188 0.016480910929978946 0.04207092932553024
6 0.4909409813564887 0.49827756919924987 0.016269617200107746 0.047705428788771036
8 0.5816916383363092 0.5033486187161668 0.017748673309208183 0.05108612846671546
3 0.4839682882707287 0.4609020560930872 0.013734092441649111 0.03455826337454283
3 0.5413345359308478 0.3418263007699343 0.011832448872805443 0.034558263374542764
2 0.5105912982345406 0.4470036240837598 0.015424442280621582 0.04958359527651783
2 0.513549410452742 0.37619674749570237 0.01584702974036446 0.04470036240837601
11 0.45576057533288006 0.4154504270896125 0.016480910929978946 0.047329795491221634
6 0.46199374036409013 0.3763845641444771 0.015424442280621307 0.04958359527651794
9 0.5682744864894673 0.3376943344968911 0.012888917522163012 0.03606079656474034
9 0.6504677474094906 0.3307451184922276 0.014156679901392124 0.03643642986228976
10 0.5468281729075074 0.45000869046415526 0.01901643568843724 0.06010132760790057
7 0.6060960641364695 0.4011763617827358 0.022185841636510144 0.06836526015398661
11 0.600919367754618 0.36962316478858825 0.017748673309208273 0.04357346251572786
0 0.6354658925886123 0.4079377611386249 0.017114792119593575 0.04808106208632047
0 0.6558557375212146 0.367369365003292 0.018171260768951213 0.047329795491221634
5 0.6241616780404857 0.36793281494961605 0.016903498389722032 0.0431978292181784
8 0.5901433875311701 0.29956755479562924 0.01690349838972196 0.04770542878877105
