9 0.6207891943486564 0.6059984348038789 0.01678918901768668 0.035880441777751314
6 0.5263053540257174 0.6125077184892231 0.019289706530959166 0.04699385294785124
9 0.5523151443097123 0.4939117450025849 0.014154601081291952 0.03778559797834006
11 0.5782446749442629 0.4559673840075296 0.017325014199102137 0.04572374881412551
2 0.4842966598027396 0.5442396213014662 0.016610580623881644 0.05270932154961692
10 0.45286158249302827 0.4975632943870465 0.019825531712374694 0.06096499841883394
9 0.46027383083594314 0.4173879709456111 0.013574237929193416 0.035880441777751244
4 0.5193932091854571 0.49295916690229086 0.018932489743348883 0.0593773682516769
11 0.5453807304841104 0.40833847899281545 0.01553893026105042 0.04508869674726269
6 0.5744938986743544 0.40992610915997263 0.01625336383627115 0.04826395708157698
8 0.4928698627053882 0.4111962132936984 0.015538930261050368 0.04635880088098837
8 0.5130526112053733 0.37087040704790697 0.015181713473440404 0.04635880088098829
9 0.46098826441116375 0.3427693530892257 0.0132170211415832 0.034610337644025484
2 0.600660028366813 0.41087868726026683 0.016789189017686824 0.04762890501471418
3 0.5969985562938068 0.3689652508473184 0.013038412747777955 0.03492786367745694
5 0.5678853881035628 0.379761135983987 0.01553893026105051 0.041913436412948354
0 0.5669923461345369 0.33038583778540004 0.013752846322998663 0.04794643104814554
0 0.540022478669955 0.3299095487352528 0.014824496685829658 0.04699385294785124
1 0.6198604307008696 0.5475736446524962 0.026969867464581868 0.0657278889203053
5 0.6743359908114488 0.47994059953160223 0.02125439886281626 0.04540622278069407
7 0.6429009135017375 0.4442189207705667 0.025541000314140375 0.06668046702059961
3 0.6541532423114638 0.3689652508473184 0.015181713473440083 0.03619796781118268
9 0.6227181650017524 0.33673635845402855 0.013038412747777955 0.03524538971088845
