3 0.6390578859964282 0.303887337717447 0.013311504981906168 0.0345582633745428
9 0.6302891962067599 0.4096281109775971 0.014367973631263596 0.03643642986228976
0 0.6643074867160754 0.44512545759601335 0.020284198067666494 0.04883232868141924
0 0.6842747441889346 0.5871148440696783 0.023876191475482356 0.04883232868141931
5 0.5223181002424105 0.6055208756495979 0.018593848228694226 0.04357346251572778
6 0.523902803216447 0.5489880643684163 0.016692204659850465 0.04995922857406731
9 0.553272631668589 0.5118003679110275 0.014156679901392102 0.03643642986228964
9 0.5187261068345945 0.5071049516916601 0.014790561091006873 0.035309529969641575
3 0.6122235823027445 0.5018460855259695 0.015424442280621307 0.03756332975493784
9 0.6066242984611492 0.4539528400884237 0.014790561091006751 0.036436429862289614
8 0.5791561135778509 0.4962115860627288 0.017326085849465045 0.05183739506181425
1 0.577254470009007 0.44813052397640774 0.02112937298715251 0.06385766058339407
11 0.5476733478269935 0.4548919233322971 0.016480910929978942 0.044324729110826695
9 0.516296228941072 0.46033860614676264 0.01331150498190618 0.03643642986228924
5 0.486398166164251 0.5095465681257315 0.016058323470235985 0.04470036240837566
11 0.4903071001668745 0.4577091730639175 0.01584702974036439 0.04394909581327724
8 0.45639445652249466 0.4601507894979885 0.016903498389722032 0.044324729110826626
6 0.45428151922377935 0.41376007725064023 0.015213148550749836 0.045451629003474776
2 0.4890393377876454 0.41357226060186497 0.015001854820878008 0.04582726230102411
4 0.45639445652249466 0.3664302817594185 0.017326085849465114 0.060476960905449954
10 0.5757754138999064 0.40962811097759705 0.01986161060792334 0.060476960905449885
7 0.5461942917178929 0.403054528270483 0.01986161060792334 0.06611146036869059
2 0.5428135920399485 0.37056224803246174 0.016058323470235933 0.046202895598573546
