4 0.6933603745734104 0.5936884267767923 0.03190535321060026 0.058974427715252416
1 0.6860707408928416 0.5322723826274688 0.030426297101499626 0.06536019377359123
7 0.5953200839130226 0.5822316112015364 0.025989128774197567 0.06310639398829544
9 0.5194656348891449 0.5974447597522863 0.015001854820878364 0.03718769645738838
9 0.577254470009007 0.49170398649213626 0.014367973631263737 0.03756332975493784
9 0.6429668199990515 0.45226249024945153 0.01690349838972196 0.03756332975493777
5 0.45565492846794425 0.5501149642610647 0.017114792119593575 0.04470036240837601
0 0.4556549284679441 0.4550797399810719 0.015847029740364463 0.04920796197896857
0 0.4928426249253327 0.45094777370802874 0.01584702974036439 0.046202895598573476
6 0.5226350408372178 0.49433341957498184 0.016692204659850562 0.047329795491221634
3 0.488722397192838 0.41695296027980994 0.013100211252034555 0.032304463589246525
3 0.5730285954115757 0.4118819107628932 0.01352279871177763 0.0356851632671908
8 0.6145478133313313 0.44644017413743614 0.020918079257280908 0.04394909581327731
8 0.4577678657666596 0.3707500646812364 0.014579267361135208 0.04958359527651794
6 0.4569226908471735 0.41113064416779393 0.015847029740364185 0.04695416219367155
10 0.48555299124476525 0.3641764819741219 0.017748673309208138 0.05972569431035076
9 0.5156623477514575 0.3784505472809987 0.01246633006242007 0.03718769645738838
9 0.5980669024013524 0.3767601974420265 0.013734092441649182 0.0360607965647403
11 0.5725003610868978 0.333562368223848 0.01584702974036432 0.044324729110826626
11 0.5931014997493717 0.29975537144440395 0.016058323470235933 0.04207092932553042
5 0.5368973676035459 0.3006944546882773 0.013945386171520795 0.041695296027981
2 0.537742542523032 0.34013595093096205 0.01479056109100668 0.043197829218178434
2 0.6366280081029058 0.4047448781094552 0.01817126076895106 0.048456695383869694
