11 0.6657865428251761 0.6023279926204281 0.022819722826124718 0.045451629003474776
9 0.6629340774719106 0.5454195480416973 0.017537379579336657 0.03831459635003668
9 0.5847553974194463 0.49452123622375654 0.014156679901392124 0.0379389630524873
9 0.5517935755594883 0.4135722606018655 0.012466330062419928 0.03756332975493777
9 0.5984894898610953 0.3709378813300111 0.013311504981906025 0.03869022964758592
9 0.5741907109258699 0.36680591505696797 0.012888917522163012 0.03643642986228976
3 0.5293964401931066 0.5519931307488112 0.014579267361135375 0.037187696457388494
5 0.49030710016687434 0.5506784142073887 0.017537379579336588 0.045827262301024164
5 0.678781107212275 0.49470905287253125 0.022185841636510162 0.045827262301024234
10 0.591094209315592 0.589744277152524 0.024721366394968455 0.0608525942029992
6 0.5589775623751201 0.5484246144220924 0.017537379579336657 0.047329795491221634
6 0.5199938692138236 0.4567700898200435 0.016058323470236183 0.048081062086320465
7 0.4868207536239943 0.49639940271150346 0.019439023148180308 0.06573582707114112
11 0.4568170439822376 0.4532015734933247 0.01648091092997921 0.046202895598573594
2 0.551054047504938 0.45057214041047927 0.015213148550749836 0.049207961978968554
2 0.5133381167228707 0.34126285082361024 0.015424442280621307 0.04545162900347474
0 0.4858699318395724 0.3743185810079554 0.015001854820878258 0.049207961978968526
0 0.6213092126872202 0.3313085684385517 0.01584702974036439 0.04958359527651794
1 0.6336698958847042 0.3994860119437634 0.02493266012484018 0.0694921600466349
8 0.5731342422765124 0.40850121108494897 0.017537379579336657 0.04470036240837601
8 0.654271034547178 0.3636130320277982 0.021340666717024136 0.04357346251572778
4 0.5189374005644661 0.4051205114070045 0.016903498389722032 0.058974427715252416
3 0.5424966514451409 0.2997553714444039 0.012043742602676842 0.035309529969641484
