3 0.5559651392165931 0.6105807012435835 0.01521314855075004 0.03756332975493787
9 0.5166645054604893 0.5117891439880967 0.013945386171520927 0.03756332975493787
9 0.6906648920096905 0.5901086865271427 0.019227729418308855 0.03869022964758607
2 0.5904060171856517 0.5510428235820074 0.022397135366381705 0.045451629003474776
8 0.6177685552040137 0.557240772991572 0.0217632541767672 0.0488323286814189
8 0.645025446357441 0.49695162873489696 0.023031016555996188 0.044700362408376076
6 0.6178228661443393 0.4933943363311081 0.018171260768951175 0.046954162193671684
6 0.6033492456481405 0.4056839613533286 0.01669220465985049 0.05108612846671541
11 0.452379875654935 0.5134907177499999 0.017326085849465028 0.04507599570592492
11 0.6047226548923055 0.45263812354700095 0.01774867330920813 0.044324729110826626
10 0.48777157540841615 0.4952725028188554 0.019650316878051795 0.060476960905449885
9 0.4850247569200863 0.4141357105481896 0.012888917522163083 0.03718769645738845
9 0.6229995625261917 0.3664302817594183 0.014156679901392253 0.035685163267190644
2 0.6694841830979279 0.45019650711292997 0.023453604015739416 0.04470036240837594
0 0.513126822992999 0.455455373278621 0.01584702974036453 0.04470036240837604
3 0.5150284665618429 0.41451134384573896 0.012888917522163083 0.03643642986228968
9 0.513443763587806 0.3795774471736468 0.012677623792291466 0.037187696457388605
1 0.6557500906562788 0.35929324910598043 0.024298778935225442 0.06874089345153628
7 0.4551266941432646 0.4111306441677936 0.019016435688437368 0.06874089345153588
5 0.45449281295365096 0.3658668318130945 0.015213148550749836 0.04131966273043162
5 0.59362973407405 0.3288669520044807 0.01626961720010747 0.04244656262307963
4 0.5418627702555258 0.36436429862289643 0.016692204659850825 0.060852594202999
0 0.5173526975904297 0.33506490141404544 0.013311504981906006 0.04808106208632039
