2 0.6571824819548476 0.5946623935758519 0.020356458136364674 0.0510735508797684
9 0.684598034444952 0.5450480870069341 0.018714808286657815 0.03706480549560332
9 0.582815743763128 0.5470910290421248 0.015759838557185758 0.038815898668623984
6 0.5542510363782289 0.5897009629189601 0.017729818376833798 0.04932245770674767
4 0.6169620606370302 0.48857533217701904 0.02363975783577861 0.06187195878006216
1 0.5817486713608185 0.4843435236755522 0.02216227297104247 0.06449859853959318
3 0.6596149096122087 0.4120905933841883 0.01510317861730286 0.036772956633433156
7 0.605522547064368 0.39472558608506686 0.021177283061218192 0.06858448260997466
9 0.6228419529787754 0.3376691335308115 0.013789858737537557 0.03794035208211365
9 0.5926355957441696 0.2989991592932727 0.013133198797654814 0.037064805495603356
6 0.6477950306943192 0.3319780807184945 0.01707315843695113 0.049906155431087985
9 0.5691600028933617 0.3719613748357989 0.012476538857772041 0.03589741004692293
8 0.5446994201327298 0.40479437182993566 0.016088168527127068 0.049030608844577654
0 0.5174480326275962 0.5464869944135217 0.017401488406892655 0.046987666809386826
5 0.4823988083363551 0.5539291403988593 0.0165806634820391 0.04494472477419606
5 0.45202828611677803 0.506503700296217 0.016580663482039085 0.04348548046334532
10 0.4860925204981949 0.4919112571877119 0.01937146822654077 0.05924531902053106
11 0.4569532356658988 0.45513830055427845 0.0159240035421564 0.04523657363636577
0 0.509486030856518 0.41486315757480435 0.015267343602273727 0.046987666809386895
3 0.46146777275259265 0.3831975560293482 0.01247653885777209 0.035021863460412556
11 0.4613036077676222 0.341755017601193 0.014774848647361552 0.042026236152495074
2 0.5112097631987101 0.3379609823929816 0.01477484864736165 0.04669581794721686
8 0.6463873593547776 0.5431717576223175 0.019330669827908906 0.05301633176699539
