11 0.653949990661622 0.5892596173956312 0.023475592850808982 0.04552842249853561
5 0.620788663697544 0.6002623194994442 0.02150561303115962 0.046112120222876564
6 0.5206480228654271 0.6028889592589755 0.018550643301687302 0.04786321339589726
6 0.5521676999797984 0.5424762447897638 0.018222313331745923 0.04669581794721687
2 0.6065896194666776 0.4923490304809671 0.01740148840689237 0.050198004293258054
9 0.6395046989532999 0.5013963452082405 0.016908993451980322 0.03735665435777348
9 0.6310502022273096 0.4568893937272994 0.015431508587244309 0.03764850321994359
9 0.5802411393788829 0.45776494031380977 0.013954023722508068 0.03706480549560332
9 0.6569882698526777 0.36991843280060815 0.014446518677420243 0.0364811077712632
0 0.6327739345695018 0.4080047093138068 0.017237323421921715 0.049030608844577585
3 0.6242373553510262 0.33693951137538625 0.013625693752566831 0.036481107771263094
8 0.5433040177604785 0.4910357106012018 0.016580663482039095 0.04640396908504679
10 0.5474902248772314 0.4535331318123433 0.019043138256599333 0.05836977243402089
9 0.5460127400124947 0.4128202155396136 0.013461528767596103 0.03706480549560334
11 0.5750699423523062 0.41179874452201815 0.016744828467009754 0.044361027049855936
0 0.5698987453257297 0.36918881064518283 0.014939013632332205 0.0455284224985364
4 0.5671900230737135 0.32599517904400727 0.01740148840689244 0.05836977243402096
1 0.593538503161508 0.32088782395603055 0.020520623121335534 0.06624969171261379
8 0.4624527626624172 0.45776494031380927 0.01674482846700961 0.04757136453372703
7 0.51473931037558 0.41369576212612386 0.018878973271628612 0.06858448260997471
5 0.5122768356010198 0.3772146543548608 0.014610683662390872 0.041150689565984847
2 0.45950014328799305 0.3757205846887721 0.01505867260539897 0.04548023342438774
3 0.45980287830349853 0.3455889309037085 0.013005217250117567 0.03559322615821653
