0 0.6545257950781175 0.5826762533226147 0.02101311807624768 0.045820271360706426
9 0.5265591892934691 0.5930368879296535 0.015267343602273513 0.037356654357773494
11 0.5001286267131891 0.6150714770234964 0.01822231333174587 0.04406917818768589
8 0.5200746723871272 0.5361263598064829 0.016744828467009896 0.050198004293258054
5 0.48420462317103274 0.5424011103431403 0.017237323421921857 0.04406917818768583
7 0.454983255846251 0.49716453670677396 0.019863963181452803 0.06333120309091284
3 0.4526028635641761 0.4644774641437222 0.013789858737537415 0.03881589866862406
3 0.5815544592586483 0.49745638556894406 0.01428235369244959 0.03764850321994352
9 0.5456844100425539 0.45747309145163967 0.013133198797654656 0.03531371232258273
5 0.6115145690157978 0.506941473589472 0.019371468226540754 0.04552842249853605
6 0.6437729885625376 0.49278680377422224 0.019863963181452816 0.04873875998240763
6 0.6728301909023486 0.44784207900002615 0.020520623121335433 0.046987666809386895
2 0.6610923944769448 0.40187588320823464 0.017729818376833892 0.05078170201759825
4 0.6039629797071467 0.3804249918387319 0.021341448046188986 0.06099641219355192
9 0.6578911772700163 0.3691888106451829 0.014939013632332063 0.036772956633433225
9 0.6204615606967004 0.33635581365104605 0.01362569375256676 0.035897410046922894
2 0.5719508076378635 0.4080047093138068 0.015759838557185643 0.050198004293258026
8 0.5460948225049806 0.40683731386512645 0.016908993451980478 0.04669581794721672
1 0.540431130523492 0.3655406998680566 0.01772981837683382 0.06449859853959325
11 0.5679287655060812 0.33781505796189665 0.015267343602273503 0.04173438729032506
0 0.590829780909492 0.29432957749855093 0.014774848647361623 0.04698766680938693
10 0.48822666530281417 0.37152360154254355 0.018058148346775243 0.06012086560704147
9 0.46089319530519546 0.3430683374809582 0.012969033812684041 0.0358974100469229
