11 0.6233287737351472 0.6065812507005552 0.02019229315139427 0.04436102704985587
5 0.5876228895040235 0.5979717092665371 0.019699798196482092 0.04523657363636637
5 0.552245335242841 0.5581343395803178 0.017237323421921857 0.04552842249853626
9 0.5799071352104012 0.5536106822166812 0.015759838557185615 0.03648110777126313
9 0.5757266022921891 0.49658083898243377 0.014774848647361623 0.0370648054956034
9 0.6075746093765018 0.456013847140789 0.014774848647361623 0.03648110777126313
9 0.6343335019267232 0.40654546500295624 0.015431508587244309 0.037356654357773425
3 0.6624877968491956 0.40815063374489186 0.015924003542156413 0.03648110777126313
10 0.6840754923728406 0.5355426620821427 0.031519677114371376 0.06012086560704169
3 0.6551824550180001 0.5956635276891844 0.017073158436951133 0.03794035208211369
2 0.6157007761325506 0.5345211910645473 0.022490602940983706 0.04990615543108803
6 0.5488035447569969 0.49074386173903156 0.016744828467009754 0.047571364533727095
0 0.516463042717772 0.4997911764663047 0.01740148840689234 0.04582027136070635
11 0.5717866426528926 0.41296613997069864 0.016416498497068374 0.044944724774196206
9 0.5160526302553454 0.4169060996099951 0.014282353692449448 0.03589741004692293
7 0.603060072289808 0.3567852340029534 0.021833943001100944 0.0685844826099746
8 0.5408415429859187 0.336501738082131 0.015267343602273584 0.04727951567155699
2 0.4902787276149481 0.5426929592053102 0.01723732342192189 0.04465287591202602
0 0.49347994482187624 0.41219626738048126 0.01543150858724433 0.04531707450594939
4 0.45445571230066245 0.41540826807185177 0.017841865290860313 0.06289554032257745
8 0.48304844513858003 0.37908067150622543 0.015249457513555952 0.045002843506671796
6 0.45382385560342536 0.342672254171284 0.015249457513555675 0.04825606110956367
1 0.48706767298297743 0.33196374622843117 0.017079392415182696 0.06533545352474629
