9 0.6524573162674869 0.5932411821331723 0.0180581483467752 0.03648110777126313
9 0.6093804242111792 0.49497567024049827 0.01510317861730292 0.03677295663343329
9 0.6770984805115865 0.49132755946337187 0.017237323421921788 0.03764850321994359
5 0.6285877274527495 0.5981442430176304 0.021013118076247582 0.046403969085046605
2 0.5516764319939839 0.5498432563284779 0.017565653391863095 0.049030608844577654
11 0.6351543268515767 0.40785878488272176 0.019699798196482023 0.04523657363636623
0 0.6583836722249284 0.36189258909093025 0.017893983361804686 0.04786321339589726
8 0.6268639951105572 0.3331454761671749 0.01920730324156992 0.04465287591202603
1 0.6459071333671565 0.4827180180293537 0.02610223261033873 0.06537414512610361
0 0.5749878598598209 0.44915539887979167 0.01658066348203903 0.0461121202228766
5 0.5770399221719545 0.4080047093138067 0.015759838557185754 0.04144253842815495
2 0.5992021951429969 0.3656866242991416 0.018386478316716578 0.044944724774196206
3 0.5982172052331728 0.33591804035779094 0.013133198797654727 0.033854468011732204
7 0.5245071269813357 0.5940583589472486 0.02199810798607162 0.06274750536657253
8 0.5495422871893649 0.4935164259296475 0.0165806634820391 0.05078170201759839
6 0.5236863020564823 0.4590782601935752 0.016088168527126974 0.04961430656891785
9 0.5457664925350393 0.40873433146923205 0.013297363782625382 0.03648110777126305
9 0.4880625003178438 0.3465705238269997 0.013133198797654724 0.035897410046922935
11 0.46179610272253435 0.4199705126627812 0.015759838557185615 0.044361027049855936
3 0.5158063827778894 0.41340391326395376 0.013461528767595965 0.03648110777126305
4 0.5136722379732706 0.3651029265748012 0.01740148840689275 0.06012086560704155
6 0.45752781311329654 0.33299955173608986 0.014446518677420172 0.048446911120237426
10 0.5454381625650978 0.3243900103020717 0.01625233351209765 0.059829016744871524
