9 0.5875173309261926 0.5539482156404909 0.015759838557185688 0.0361892589090931
9 0.6533474898994369 0.5495704827079393 0.01707315843695102 0.03735665435777342
9 0.5439606777003617 0.45338720738125815 0.013297363782625454 0.03589741004692286
9 0.5649737957766092 0.3036687410879943 0.012312373872801388 0.037064805495603356
11 0.5930460082065963 0.29710214168916704 0.015924003542156343 0.04260993387683551
11 0.5701449928031859 0.3710858282492886 0.016088168527126922 0.04523657363636628
3 0.5424011103431404 0.3786738986657111 0.012804868827713261 0.03473001459824252
2 0.6026496598273812 0.3732746947155643 0.018386478316716578 0.04319363160117561
2 0.5771220046644399 0.45163611420823757 0.017565653391863164 0.04815506225806736
5 0.6124995589256222 0.45907826019357517 0.018386478316716554 0.04436102704985595
10 0.6731585208722902 0.48359356461586417 0.028400542399928376 0.06187195878006249
7 0.6727481084098631 0.4386488398416677 0.0269230575351922 0.0665415405747837
6 0.6540333001232054 0.366562170885652 0.01805814834677534 0.04727951567155692
0 0.6221032105464074 0.32935144095896357 0.015924003542156413 0.0475713645337272
0 0.5150676403455213 0.4965808389824338 0.016580663482038932 0.048155062258067316
9 0.45822686171886495 0.505844797877989 0.014076422320205496 0.036643385087519104
3 0.5121026923848896 0.4575827784944272 0.013238540039240831 0.03426007548833091
5 0.46065672033366234 0.4124488529598001 0.015919763338327612 0.044091227584982275
8 0.5148786616527552 0.40709907091134 0.015919763338327585 0.04617662348427209
8 0.5151300263370442 0.3703067289738717 0.014746728144977152 0.044687054984779276
6 0.4642705718824926 0.3373872651350844 0.014914304601170108 0.047964105683663175
1 0.5085107563174238 0.3281340941644968 0.015919763338327474 0.06766210242443166
4 0.5114329768888739 0.2942562599731633 0.01630322141545804 0.06124198176403059
