9 0.5486671282511062 0.590777290432386 0.015267343602273437 0.04027514297947451
9 0.5227290606257382 0.5477295832622959 0.014610683662390848 0.03823220094428371
9 0.668808148770567 0.45192796307040767 0.017729818376833892 0.0364811077712632
8 0.5898447909996679 0.6052945401407979 0.019043138256599333 0.05194909746627872
8 0.587710646195049 0.5367100575308232 0.01740148840689244 0.05311649291495911
6 0.6473025357394073 0.5434225813607356 0.020684788106306088 0.04844691112023746
6 0.6431163286226542 0.5002289497595601 0.02019229315139407 0.047279515671557124
5 0.552168926948896 0.508692566762493 0.0165806634820391 0.04611212022287657
3 0.5443710901627885 0.45528422498536386 0.013789858737537486 0.03502186346041263
3 0.5437144302229059 0.41106912236659293 0.01280486882771329 0.0358974100469229
5 0.5163809602252868 0.41369576212612386 0.015267343602273655 0.04290178273900544
10 0.4887191602577266 0.4565975448651293 0.018714808286657895 0.06274750536657249
9 0.4917562124796844 0.4150090820058894 0.012969033812684034 0.03677295663343331
11 0.6333485120168991 0.40727508715838157 0.019043138256599257 0.044652875912026116
7 0.6562495274203095 0.3652488510058865 0.024788912730573286 0.0680007848856345
9 0.6486979381116581 0.33139438299415425 0.01395402372250814 0.037064805495603356
2 0.6189019933394789 0.33562619149562073 0.01871480828665791 0.04377732932551574
2 0.5994484426204529 0.3702102816627783 0.01920730324157006 0.04465287591202619
0 0.5144109804056386 0.3700643572316932 0.015267343602273584 0.0461121202228766
1 0.5429756877905376 0.3258492546129223 0.017893983361804543 0.06800078488563446
4 0.5829498616308993 0.48986831515252155 0.02134144804618866 0.05982901674487184
0 0.4591841924140152 0.45808069083680963 0.01601193038923393 0.0477138581757483
11 0.4653371960261595 0.37466222726638776 0.015401952088691542 0.045002843506671185
