5 0.5595256061258618 0.611683021844252 0.018550643301687302 0.047571364533727095
9 0.5225884845074579 0.6043868002899992 0.015267343602273465 0.038232200944283715
3 0.483517218084435 0.6030734804102339 0.015595673572214893 0.037356654357773494
0 0.521634239744349 0.4932245770674772 0.017237323421921493 0.04669581794721682
5 0.5179405275825083 0.4583486380381499 0.015431508587244309 0.04173438729032498
9 0.5148213928680653 0.422305303560142 0.013789858737537344 0.03560556118475283
3 0.5170376201651695 0.3791116719589665 0.012969033812683996 0.03502186346041264
4 0.5172838676426256 0.32745442335485786 0.015759838557185487 0.056618679261000365
10 0.4880625003178437 0.33154030742523927 0.016416498497068447 0.05836977243402103
11 0.460729030320225 0.33562619149562084 0.014610683662390843 0.04144253842815502
0 0.5402669655385214 0.30016655474195303 0.013461528767596107 0.04640396908504673
8 0.6492725155590553 0.49599714125809347 0.02002812816642332 0.05048985315542813
8 0.6362213992538861 0.45484645169210863 0.021177283061218192 0.046403969085046765
11 0.6171782609972868 0.49979117646630483 0.020520623121335502 0.046987666809386826
6 0.5798307269164562 0.49118163503228673 0.01772981837683382 0.049614306568917854
6 0.6622415493717381 0.40421067410559525 0.019371468226540674 0.05019800429325769
2 0.6318710271521623 0.41092319793550763 0.021013118076247447 0.0431936316011752
2 0.5972322153233486 0.3672917930410772 0.017073158436951133 0.04873875998240756
7 0.5505272770991886 0.4443398926539849 0.019863963181452744 0.06566599398827339
9 0.6559211974503677 0.36495700214371624 0.014939013632332337 0.03531371232258265
9 0.6217748805764659 0.3350424937712806 0.01362569375256669 0.0344381657360724
9 0.5914043583568894 0.3347506449091105 0.012969033812684003 0.036189258909093025
1 0.5705554052656125 0.35693115843403844 0.019863963181452747 0.06770893602346434
