5 0.6564113001732521 0.5474773506026476 0.02112803356572697 0.0455284224985363
5 0.5518382047469266 0.5512713858108588 0.017713401878336896 0.04476961545689418
11 0.5205729833592599 0.4989136999375421 0.016219500515103603 0.04401080841525179
9 0.5749936758770414 0.4630600672199443 0.012804868827714002 0.036802141519649535
9 0.6338960724845232 0.4846860679067494 0.015792671554179804 0.03831975560293479
1 0.6776460409792106 0.4803229274173064 0.028597540381893084 0.06677501966452005
2 0.5849174492185196 0.4970166823334365 0.01557925707371787 0.05159887883167457
0 0.5542924712722384 0.4981548928958999 0.017073158436951133 0.04780484362346321
2 0.5176918878730244 0.4604042425741968 0.016006086034641598 0.047425440102642116
3 0.48087788999334835 0.454523488001469 0.013658526749560947 0.036422737998829134
6 0.4540943726953814 0.4968269805730253 0.017286572917413076 0.044390211936072926
8 0.6089265782704818 0.45053975103284716 0.02091461908526518 0.04439021193607276
8 0.6683625110791184 0.4402958559706765 0.02070120460480311 0.048943054185926656
9 0.6541153826156907 0.3744712750504617 0.014512184671408477 0.034146316873902335
7 0.45692040266890466 0.3651758887903438 0.018353645319722455 0.06867203726862565
9 0.45894784023329294 0.34544690570764475 0.013018283308175213 0.03907856264457706
9 0.5738715379620202 0.37010813456101865 0.013231697788637078 0.03604333447800798
10 0.48317038376571697 0.36821111695691267 0.018353645319722008 0.061842773893845175
6 0.5397252210881179 0.3365309229683481 0.014512184671408477 0.050840071790032366
3 0.6015087131818346 0.3720051521651242 0.013445112269099007 0.03604333447800782
4 0.576325804487332 0.4036853461536893 0.018993888761108052 0.059186949248097205
11 0.622530039507331 0.33140897543726267 0.017073158436951202 0.042872597852788415
0 0.5619203270561541 0.2959347462404863 0.014085355710484825 0.047046036581820834
