11 0.6757851606318209 0.4907438617390315 0.02183394300110109 0.046987666809386826
9 0.6138949612978729 0.4967267634135185 0.01559567357221488 0.03794035208211339
3 0.5462589874899512 0.4992074787419644 0.013954023722508207 0.03531371232258273
7 0.5865614913002541 0.5429848080674803 0.023639757835778496 0.06508229626393337
6 0.5208954973119806 0.4981860077243685 0.0170731584369512 0.04727951567155692
4 0.526559189293469 0.4532412829501731 0.018550643301687472 0.058369772434020945
5 0.550363112114218 0.45411682953668353 0.014939013632332266 0.04319363160117561
8 0.516709290195228 0.414279459850464 0.015595673572215156 0.0499061554310879
3 0.5437144302229057 0.372253223697969 0.012804868827713279 0.03706480549560332
2 0.5987917826805702 0.37210729926688385 0.018222313331745853 0.04727951567155699
11 0.6280131500053519 0.3725450725601391 0.017565653391863237 0.04465287591202603
9 0.5980530402482018 0.3344587960469403 0.013133198797654719 0.03443816573607234
0 0.6443475660099349 0.2965184439648267 0.016416498497068447 0.04844691112023746
8 0.5689137554159056 0.34029577329034244 0.016252333512097792 0.04202623615249518
2 0.5381328207339025 0.3007502524662932 0.013789858737537486 0.0452365736363662
1 0.5140826504356971 0.3261411034750921 0.016252333512097795 0.06683338943695404
0 0.487405840377961 0.49731046113785893 0.016744828467009726 0.04669581794721664
5 0.4521924511017493 0.5037311361056013 0.01658066348203917 0.042026236152495074
9 0.48781625284038777 0.4541168295366834 0.013297363782625382 0.0361892589090931
9 0.4899503976450067 0.4163224018856548 0.013625693752566831 0.03648110777126313
9 0.4576098956057819 0.4193868149384409 0.01395402372250814 0.035605561184752756
6 0.46204235019999035 0.37239914812905395 0.01428235369244959 0.04727951567155692
10 0.4844508706484888 0.3309566097008992 0.016088168527127068 0.061288261055722056
